3 28 3 3 24 3 3 21 3 3 16 3 4 3 19 3 3 3 24 4 8 7 24 4 4 20 4 4 16 4 4 15 4 11 3 
3 7 3 4 17 4 3 3 3 12 4 
3 
28 3 3 24 3 3 21 3 3 16 3 4 3 19 3 3 3 24 4 8 7 24 4 4 20 4 4 16 4 4 15 4 11 3 
3 7 3 4 17 4 3 3 3 12 3 12 5 5 10 6 7 9 8 8 7 12 25 
14 3 4 24 4 
3 17 4 3 8 9 12 19 9 9 12 15 9 9 12 12 9 9 12 7 9 12 12 12 8 9 9 12 12 12 9 9 16 8 
3 12 5 5 10 6 7 9 8 8 7 12 25 
14 3 4 24 4 
3 17 4 3 8 9 12 19 9 9 12 15 9 9 12 12 9 9 12 7 9 12 12 12 8 9 9 12 12 12 9 9 16 8 
28 17 7 21 16 8 20 17 16 20 17 12 16 12 20 15 20 16 21 16 12 
28 17 7 21 16 8 20 17 16 20 17 12 16 12 20 15 20 16 21 16 12 
26 9 9 9 8 9 9 15 15 15 16 15 15 16 16 16 15 15 16 24 21 20 16 8 15 28 20 12 4 12 5 5 5 9 
8 26 9 9 9 8 9 9 15 15 15 16 15 15 16 16 16 15 15 16 24 21 20 16 8 15 28 20 12 4 12 5 5 5 9 
8 
4 3 
28 3 3 24 3 3 21 3 3 16 3 
4 3 19 3 3 3 24 4 8 7 24 4 4 20 4 4 16 4 4 15 4 11 3 
3 7 3 4 17 4 3 3 3 12 3 12 5 5 10 6 7 9 8 8 7 12 25 
14 3 4 24 4 
3 17 4 3 8 9 12 19 9 9 12 15 9 9 12 12 9 9 12 7 9 12 12 12 8 9 9 12 12 12 9 9 16 8 































































12 
6 8 15 12 15 19 9 4 16 18 6 8 10 19 10 17 6 5 16 8 
12 4 12 4 12 6 3 12 3 12 8 7 17 7 17 12 8 19 8 19 12 7 17 13 7 19 12 15 28 12 15 30 28 27 21 19 12 12 12 12 30 27 21 21 12 5 12 14 20 12 20 12 7 15 7 15 7 3 16 8 16 8 7 15 10 15 10 17 12 6 12 4 
3 5 3 5 3 5 3 5 3 4 3 4 3 4 3 4 3 6 3 6 3 6 3 6 4 5 4 5 4 5 4 5 7 3 7 3 7 3 7 3 6 3 6 3 3 6 3 6 3 4 3 4 3 4 3 4 7 7 7 7 
5 4 5 4 5 4 4 6 4 6 4 6 4 8 
17 2 3 5 6 7 5 
19 3 
7 3 14 2 12 4 8 6 8 15 12 15 19 9 4 16 18 6 8 10 19 10 17 5 16 
12 3 4 
4 4 4 4 4 4 4 4 4 4 4 3 2 2 2 2 3 2 4 2 3 2 3 2 5 2 6 2 8 2 10 2 3 4 4 4 4 4 4 4 4 4 4 4 4 7 5 5 5 5 7 5 8 5 4 3 5 3 3 5 4 3 5 6 3 5 8 3 5 9 3 5 15 4 5 4 4 4 8 
4 7 4 5 2 4 3 12 12 2 4 3 2 4 3 2 4 3 2 4 3 2 4 3 3 5 4 15 12 3 5 4 3 5 4 3 5 4 3 5 4 3 5 4 3 2 4 18 12 3 2 4 3 2 4 3 2 4 2 4 2 4 5 4 3 12 12 5 4 3 5 4 3 12 7 3 2 4 12 12 12 4 3 5 3 3 3 3 3 3 3 3 3 3 3 12 4 3 3 3 3 3 3 3 3 3 3 3 3 3 2 2 2 2 3 2 4 2 3 2 3 2 5 2 6 2 8 2 10 2 4 3 3 3 3 3 3 3 3 3 3 3 3 6 3 21 6 3 18 6 3 15 6 3 12 6 3 9 6 3 6 6 3 6 3 6 3 6 3 6 3 6 3 6 3 21 6 3 18 6 3 15 6 3 12 6 3 9 6 3 6 6 3 6 3 6 3 6 3 6 3 6 3 7 2 9 7 2 5 7 2 3 7 2 7 2 7 2 6 3 10 6 3 12 3 3 2 4 3 3 2 4 3 2 4 3 12 4 12 6 8 15 12 15 19 9 4 16 18 6 8 10 19 16 17 6 5 16 8 
12 4 12 12 4 12 12 6 3 12 12 3 12 12 8 7 17 17 7 17 17 12 8 19 19 8 19 19 12 7 17 17 13 7 19 19 12 15 28 28 12 15 30 30 28 27 24 16 15 12 4 30 27 24 18 15 12 6 8 10 19 7 21 10 10 22 10 10 16 10 2 10 2 10 2 10 2 10 2 10 2 10 2 10 2 10 2 10 2 10 2 10 2 4 3 24 12 
12 
10 2 26 12 10 2 10 2 10 2 10 2 24 12 10 2 22 12 10 2 21 12 10 2 19 12 10 2 17 12 10 2 16 12 10 2 22 12 10 2 16 12 4 3 17 12 
4 12 10 6 4 8 
10 9 4 8 
16 3 12 4 8 5 5 3 3 8 
3 3 
3 
3 
3 9 


7 
7 9 
7 5 3 5 4 7 
9 9 4 5 7 5 4 5 



9 9 9 8 
5 5 3 3 
8 

3 3 
3 
3 
3 9 


7 
7 9 
7 5 3 5 4 7 
9 9 4 5 7 5 4 5 



9 9 9 8 


6 
6 9 9 9 9 9 4 4 4 4 
12 12 12 
12 12 12 
5 3 3 4 




3 
2 5 
12 12 12 12 
12 12 12 12 12 12 12 12 12 12 12 12 12 12 12 12 12 12 12 4 
2 2 2 5 


6 
4 
3 3 
3 
3 
6 6 
12 



2 
2 3 
8 7 9 3 8 
2 
3 
3 8 7 3 3 5 
5 5 5 3 
5 5 5 3 9 9 9 8 12 12 12 12 12 12 12 12 12 12 12 12 12 12 12 12 
5 
5 3 3 3 3 3 
6 6 
6 5 6 5 3 3 
5 7 5 3 
5 4 5 6 6 5 5 

12 12 12 12 3 3 3 5 3 3 3 4 4 3 3 4 
3 4 3 4 
7 5 
3 4 4 5 
5 
5 5 5 4 
12 12 12 12 12 12 12 12 12 12 12 4 
2 2 2 5 
3 3 3 3 
3 3 3 3 3 3 3 3 
5 4 5 4 5 4 5 4 
4 5 
5 
5 3 3 6 8 


4 
3 
3 3 3 3 3 4 
2 
4 
3 3 
7 

3 
3 4 
7 9 4 3 3 
4 4 3 4 2 4 3 4 


3 3 3 4 
5 5 5 4 
5 5 3 3 
6 8 


4 
3 
3 3 3 3 3 4 
2 
4 
3 3 
7 

3 
3 4 
7 9 4 3 3 
4 4 3 4 2 4 3 4 


3 3 3 4 
5 5 5 4 


6 6 12 5 
3 3 3 3 3 3 3 3 3 3 3 
3 3 3 
7 7 7 
3 3 4 
12 12 12 

12 12 


12 
12 12 12 
12 12 

12 12 12 12 4 
2 2 2 5 






3 
3 
3 
4 
4 4 4 
3 3 3 3 3 3 4 
2 
4 
3 3 
5 
4 3 6 4 
4 3 6 4 
4 
7 
5 2 7 10 8 9 9 
8 8 9 8 10 8 9 8 

3 3 3 4 
3 3 3 4 5 5 5 3 12 12 12 12 12 12 12 12 12 12 12 12 12 12 12 12 
12 

7 
6 6 6 6 6 

6 6 12 
12 12 12 12 12 12 6 5 6 5 3 3 
5 7 8 
6 5 4 9 4 4 5 4 12 12 
12 12 
12 12 12 12 12 12 12 12 12 
4 3 3 4 
3 4 7 9 9 9 
3 4 7 9 9 9 9 
9 
9 9 9 9 9 9 9 9 9 
4 
2 2 2 5 


5 5 5 4 
9 9 9 9 9 9 9 9 
9 9 9 9 9 9 9 9 
9 9 



4 3 5 4 
6 3 


3 
3 3 3 3 3 4 
3 
3 
9 9 


3 
5 
6 
6 6 6 2 
5 3 
2 3 7 3 5 
12 12 12 12 12 12 12 12 12 12 12 12 
12 
9 8 3 4 9 8 12 12 12 12 12 12 12 12 
12 12 12 12 12 12 12 12 
9 9 9 8 
3 3 3 8 


4 3 5 4 
6 3 


3 
3 3 3 3 3 4 
3 
3 
9 9 


3 
5 
6 
6 6 6 2 
5 3 
2 3 7 3 5 
12 12 12 12 12 12 12 12 12 12 12 12 
12 
9 8 3 4 9 8 12 12 12 12 12 12 12 12 
12 12 12 12 12 12 12 12 
9 9 9 8 
3 3 3 8 

4 

3 3 3 3 3 
8 
8 3 3 3 8 8 3 3 3 3 
6 6 7 7 3 3 4 3 
3 3 3 3 3 3 3 3 3 3 
3 3 3 
7 7 7 
3 3 4 3 3 4 12 12 12 12 
12 
12 12 4 7 6 3 
5 4 4 4 5 5 5 5 


6 6 6 6 
12 12 12 12 
12 12 12 12 12 12 12 12 12 12 12 12 12 12 12 12 12 12 12 12 
12 12 12 12 
4 
5 5 4 6 
8 
3 3 3 3 3 3 4 
3 
3 
9 6 
3 


12 12 12 12 12 12 12 12 12 12 12 12 12 12 12 12 12 12 12 12 2 
5 3 
6 4 2 4 3 3 
4 4 3 4 2 4 3 8 
12 12 12 12 12 12 12 12 12 12 12 12 
12 12 12 12 12 12 12 12 12 12 12 12 4 4 4 5 
4 4 4 5 3 3 3 4 12 12 12 12 12 12 12 12 12 12 12 12 12 12 12 12 
5 
5 
3 3 3 3 3 12 12 12 12 9 

9 
4 5 4 2 4 2 5 4 5 4 12 12 12 12 12 9 
7 5 4 
6 4 5 4 4 2 2 3 

3 3 3 5 3 3 3 3 4 3 3 4 
12 12 3 4 
3 8 
12 12 3 4 4 5 
3 
3 3 3 3 3 3 3 3 3 
12 12 12 12 12 12 12 12 12 12 12 12 
12 12 12 12 



3 
3 3 3 3 3 3 3 3 3 3 3 
3 3 3 3 3 3 3 3 
3 




4 
10 8 4 5 12 3 
3 
3 
6 6 
3 
3 3 7 4 3 3 7 4 3 3 4 3 5 3 4 4 12 12 
12 12 12 
12 
12 12 12 
3 4 
3 3 4 3 7 4 4 7 5 4 3 12 12 


4 4 4 5 





4 
10 8 4 5 12 3 
3 
3 
6 6 
3 
3 3 7 4 3 3 7 4 3 3 4 3 5 3 4 4 12 12 
12 12 12 
12 
12 12 12 
3 4 
3 3 4 3 7 4 4 7 5 4 3 12 12 


4 4 4 5 


12 12 12 
12 12 12 12 3 3 3 3 3 

8 8 3 3 
3 8 8 3 3 3 3 12 14 15 15 
9 12 13 15 12 13 15 16 9 12 14 16 3 3 4 3 
3 12 12 12 12 12 12 12 12 12 
12 12 12 
12 12 12 

12 12 12 
4 
3 
4 3 4 3 3 4 
3 3 3 3 3 3 3 3 3 
12 
12 12 12 
12 12 6 6 6 6 
12 12 12 12 12 12 12 12 12 12 12 12 12 12 12 12 12 12 12 12 12 12 12 12 12 12 12 
12 12 12 12 
12 
12 
12 12 12 12 12 12 12 
12 12 12 12 12 12 


3 
3 3 3 4 4 4 4 
10 8 4 5 12 3 
3 
3 
3 3 
3 


3 3 7 4 3 3 7 4 3 3 7 4 3 3 4 3 3 4 12 
12 
12 
12 12 3 
6 
4 6 4 12 12 12 3 
4 4 3 3 4 5 4 5 
12 12 12 12 12 12 12 12 12 12 12 12 
12 12 12 12 12 12 12 12 3 3 3 4 
3 3 3 4 7 7 7 12 12 12 12 12 12 12 12 12 12 12 12 12 12 12 12 12 3 3 3 3 
3 
3 3 3 3 3 

12 12 12 12 12 
12 12 12 
12 12 12 12 12 12 12 12 12 12 
12 12 12 
12 12 12 12 3 3 3 5 3 3 3 7 4 7 3 7 
3 7 3 4 
3 3 
3 4 3 4 5 4 9 
3 
3 3 3 3 3 3 3 3 3 
12 12 12 12 12 12 12 12 12 12 12 12 
12 12 12 12 


3 3 3 3 
3 3 3 3 3 3 3 3 
3 3 3 3 3 3 3 3 
4 12 

12 12 

12 12 12 12 3 3 4 
2 
4 
3 3 
7 



12 
12 
12 
12 12 7 
12 12 12 12 12 4 7 12 
12 12 12 12 12 12 12 
12 
12 12 12 12 12 12 12 
12 12 12 12 12 12 12 12 12 12 12 12 
7 7 7 12 

12 12 

12 12 12 12 3 3 4 
2 
4 
3 3 
7 



12 
12 
12 
12 12 7 
12 12 12 12 12 4 7 12 
12 12 12 12 12 12 12 
12 
12 12 12 12 12 12 12 
12 12 12 12 12 12 12 12 12 12 12 12 
7 7 7 12 


12 
12 12 12 12 
12 12 12 12 12 12 12 12 12 12 12 12 12 12 12 12 
12 12 
12 12 12 12 12 12 12 12 12 12 




3 
3 3 




12 12 12 12 


3 3 3 3 4 4 4 4 
3 
4 
2 
4 
12 12 
12 

2 12 
12 12 12 12 


12 12 12 12 12 12 12 
3 
3 

3 
3 

2 2 
3 3 

12 
3 4 3 4 
3 4 3 4 3 4 3 4 4 
2 4 2 







12 
12 12 12 12 12 
12 12 
12 12 12 12 12 12 
12 
12 
12 


12 12 12 12 
12 12 12 12 12 
12 12 
12 12 12 12 12 12 
12 
12 
12 


12 12 12 
12 12 12 12 12 
12 
12 12 12 12 12 12 12 12 
12 12 12 

7 
12 12 12 



12 12 12 12 
12 12 12 12 12 
12 12 
12 
12 12 
12 12 12 12 12 12 
12 
12 
7 
7 
8 
12 12 12 12 12 7 
4 12 12 12 12 4 7 8 
12 
12 12 12 12 12 12 12 
12 12 12 12 12 12 12 12 12 12 12 12 12 12 12 12 12 12 12 12 12 12 12 12 
12 12 12 12 
12 12 12 12 12 
12 12 
12 
12 12 12 12 12 12 12 12 12 12 12 12 12 12 12 
12 12 12 12 
12 12 12 12 12 12 12 12 12 
12 12 12 12 12 12 12 12 12 12 12 12 12 12 12 12 12 12 12 7 
12 12 
12 12 12 12 
12 12 12 12 12 12 12 12 12 12 12 
12 
12 12 12 
12 12 12 12 
12 12 12 12 
12 12 12 12 
12 12 12 12 12 12 12 12 
12 12 12 12 12 12 12 12 
12 











































































7 


12 12 12 12 



12 


12 12 12 12 
12 12 12 12 9 9 9 8 






7 


12 12 12 12 



12 


12 12 12 12 
12 12 12 12 9 9 9 8 






12 12 12 
12 12 12 12 12 12 12 12 12 
12 12 12 12 12 12 12 12 12 12 12 12 
12 12 12 12 







9 9 9 9 
















12 






9 9 9 
12 12 12 12 12 12 12 12 12 12 12 12 12 12 12 12 12 12 12 12 






8 

7 
8 

7 
9 





8 8 8 7 8 8 8 7 8 8 8 7 


















9 9 9 9 9 9 9 9 9 9 9 9 9 9 9 9 12 12 12 12 





12 


9 9 9 8 
9 9 9 8 7 7 7 
















9 9 9 9 9 9 9 9 9 9 9 9 9 9 9 9 12 12 12 12 





12 


9 9 9 8 
9 9 9 8 7 7 7 










9 9 9 9 9 9 9 9 
3 3 3 3 9 9 9 9 9 9 9 9 
9 9 9 9 

























9 9 9 9 9 9 9 9 9 9 9 9 9 9 9 9 
12 






9 9 9 8 
9 9 9 8 8 8 8 5 5 5 5 7 7 7 7 8 8 8 8 
9 9 9 9 9 9 9 9 9 9 9 9 9 9 9 9 9 9 9 9 






8 

7 
8 

7 
9 




9 9 9 9 
9 9 9 9 9 9 9 9 
















3 3 3 3 3 3 3 3 3 3 3 3 3 3 3 3 3 3 3 3 3 3 3 3 3 3 3 3 3 3 3 3 3 3 3 3 3 3 3 3 3 3 3 3 3 3 3 3 








9 9 9 














3 3 3 3 3 3 3 3 3 3 3 3 3 3 3 3 3 3 3 3 3 3 3 3 3 3 3 3 3 3 3 3 3 3 3 3 3 3 3 3 3 3 3 3 3 3 3 3 








9 9 9 







12 12 12 12 12 12 12 12 






12 12 

12 12 12 12 
12 12 








3 3 3 3 3 3 3 3 3 3 3 3 3 3 3 3 3 3 3 3 3 3 3 3 3 3 3 3 3 3 3 6 
3 





10 


9 9 9 9 










3 4 
12 

3 4 12 
12 12 






















































12 12 12 12 12 12 12 12 12 
















































7 



12 





































































































12 12 12 12 12 12 12 12 12 12 12 12 12 12 12 12 12 12 12 
12 12 12 12 12 12 12 12 12 12 12 12 12 12 
12 12 12 12 12 12 12 12 12 12 12 12 12 12 
3 
4 
3 3 4 3 9 12 









12 12 
























3 
4 
3 
8 9 8 8 4 8 8 4 8 8 
9 9 9 8 
9 9 9 8 
5 4 4 4 5 5 

4 
3 
8 4 9 4 4 5 4 


12 12 12 12 12 12 12 12 12 12 

2 4 5 
3 
4 4 3 3 4 
6 

6 

6 6 

































12 12 12 12 12 12 12 12 12 12 12 12 12 12 12 12 12 12 12 12 12 12 12 12 12 12 12 

2 
4 5 
3 
4 9 9 9 8 
9 9 9 8 

2 4 5 4 
5 
12 12 12 12 12 12 12 12 12 12 12 12 12 12 12 12 12 12 12 
12 12 12 12 12 12 12 12 12 12 12 12 12 12 12 12 12 12 12 
12 12 12 12 12 12 12 12 12 12 12 12 12 12 12 12 12 12 12 
3 3 3 3 
9 8 9 8 9 9 8 8 3 4 
8 8 3 4 3 3 4 
3 3 4 3 9 8 





6 

6 6 
8 4 8 
3 4 3 3 3 6 

6 
12 12 


3 
3 
3 3 
9 8 9 8 9 9 8 8 3 4 
8 8 3 4 3 3 4 
3 8 9 8 8 4 8 8 4 8 8 
3 3 3 4 
3 3 3 4 
8 8 8 7 7 
7 7 9 12 12 
3 3 3 3 5 
3 
4 
7 3 7 7 7 3 3 
12 12 
12 12 12 12 12 12 12 12 12 12 12 12 12 12 12 12 12 
12 12 12 12 12 12 
12 12 12 12 12 
3 3 3 3 
9 8 9 8 9 9 8 8 3 4 
3 3 
4 3 3 4 3 3 4 3 9 8 4 3 4 3 4 3 4 15 
8 9 4 3 3 3 
1 6 8 4 3 6 8 































3 
3 
3 3 
9 8 9 8 9 9 8 8 3 4 
3 3 
4 3 3 4 3 8 9 8 8 4 8 8 4 8 8 12 12 
12 12 12 12 12 12 12 12 3 3 3 4 
3 3 3 4 
3 3 3 5 5 3 3 3 6 3 
3 3 3 3 
3 
12 
12 
12 12 12 12 12 12 12 12 12 12 12 
12 12 12 12 12 12 
12 12 12 12 12 12 
12 12 12 
12 12 






12 12 




12 
12 
12 
12 12 12 


3 3 5 
12 12 12 
12 
12 
12 12 

12 12 
12 
12 
12 12 12 12 
12 



12 
12 12 12 12 12 12 
12 12 12 12 12 12 12 12 12 12 
12 12 12 12 

12 
12 
12 12 12 12 
12 12 12 










































8 9 9 











12 
12 
12 12 12 12 12 12 12 12 12 12 12 12 12 12 




9 
9 8 

9 9 8 




















10 8 




12 12 12 
10 9 
9 
9 9 9 




9 
10 





9 9 9 9 9 12 4 4 3 3 3 4 
4 4 6 7 7 5 5 5 5 7 7 5 9 9 9 9 4 
5 5 6 7 7 5 5 5 5 7 7 5 9 9 9 9 3 
3 3 3 3 3 3 3 3 3 3 3 3 3 3 3 3 3 3 3 
3 









9 9 9 9 9 9 9 9 9 9 9 9 9 9 9 9 9 9 9 9 9 9 9 9 8 
8 
8 7 7 9 9 9 9 9 9 9 9 9 9 9 9 9 9 





12 12 12 
10 9 




8 4 
9 8 4 




12 
4 3 3 5 7 5 3 
2 4 5 
2 4 5 















7 5 5 
3 
4 
3 
3 
4 3 4 

























3 3 3 3 3 3 3 3 3 3 3 3 3 3 3 3 3 3 3 3 3 3 3 3 3 8 
8 
8 7 7 7 7 7 8 8 8 8 8 10 8 7 5 7 8 
3 
4 
3 3 4 3 4 

12 12 
12 12 




















































































4 14 3 3 21 3 3 17 4 7 4 8 8 7 12 4 17 4 
7 12 7 
12 4 4 14 3 3 21 3 3 17 4 7 4 8 8 7 12 4 12 7 
8 4 8 
16 3 3 17 4 7 5 16 3 4 19 3 17 4 7 5 16 3 4 19 3 15 5 7 3 12 3 4 8 7 5 4 4 14 3 3 21 3 3 17 4 7 4 8 8 7 12 4 12 7 
8 4 8 
16 3 3 17 4 7 5 16 3 4 19 3 17 4 7 5 16 3 4 19 3 15 5 7 3 12 3 4 8 7 5 4 4 14 3 3 21 3 3 17 4 7 4 8 8 7 12 4 12 7 
8 4 8 7 9 12 15 12 12 15 19 

8 8 

19 15 9 7 12 12 16 15 3 

5 5 

7 8 9 8 7 15 9 12 12 12 13 8 5 6 12 12 13 8 5 6 12 15 18 15 8 6 12 12 12 7 

8 8 

7 9 12 15 15 15 21 18 28 7 16 8 20 17 26 10 19 4 4 4 7 9 7 15 19 

8 8 

19 15 9 7 12 12 7 

8 8 

7 9 12 15 15 20 16 12 12 13 8 5 6 12 13 8 5 6 12 19 8 7 8 6 8 7 9 12 15 12 12 

12 12 
12 
12 
12 
12 31 

28 13 3 

12 31 

28 13 3 

15 9 
15 4 5 15 4 5 8 










9 













































12 


7 

9 7 9 6 









6 7 8 

8 












9 













































12 


7 

9 7 9 6 









6 7 8 

6 

12 


9 
10 10 2 



8 




















































3 7 

9 6 7 9 6 









9 8 
4 3 5 
12 
12 12 
12 12 12 12 12 12 12 12 12 12 12 12 12 12 7 5 
3 5 5 4 8 2 7 5 3 5 12 2 7 5 3 5 19 7 2 28 5 4 29 7 3 23 4 20 


3 



5 5 

2 

3 7 


2 
3 5 


4 18 


36 

33 8 
16 3 3 
12 38 12 12 
12 12 12 12 12 12 12 12 12 12 12 12 12 12 12 12 12 12 12 12 12 12 12 12 12 12 12 12 12 12 12 12 12 12 12 12 12 12 12 12 12 12 12 12 12 12 12 24 5 3 5 5 3 5 8 3 2 8 3 2 12 4 3 32 28 
27 21 27 16 19 9 15 12 16 5 3 5 5 3 5 8 3 2 8 3 2 12 4 3 32 28 
27 21 27 16 19 9 15 12 16 
12 12 12 12 12 12 12 12 12 12 12 12 12 12 12 12 12 12 12 12 12 12 
7 3 10 5 
4 5 3 4 5 3 4 
12 4 6 
12 4 6 12 4 6 12 7 4 6 4 





12 
12 12 12 12 12 12 12 12 12 
12 12 12 12 12 12 12 12 12 12 12 12 12 12 12 12 12 12 12 12 12 12 12 12 12 12 12 12 12 12 12 12 12 12 12 12 12 12 12 12 12 12 12 12 12 12 12 12 12 12 12 12 12 12 12 12 12 12 12 12 12 12 12 12 12 12 12 12 12 12 12 12 12 12 12 12 12 12 12 12 12 12 12 

31 34 


17 

43 46 


39 

43 46 


29 42 41 44 4 3 5 31 

24 24 18 20 16 12 10 16 
4 
15 15 15 3 3 3 6 3 3 6 22 3 6 3 6 21 4 5 19 









































12 24 12 
8 4 8 7 5 7 5 7 9 3 8 4 3 5 7 6 2 4 3 3 9 
6 2 4 3 3 2 
4 3 5 4 3 9 4 3 5 4 3 5 




7 3 2 22 
4 3 9 


7 3 2 22 
4 3 5 4 

4 
22 
12 12 12 12 12 12 12 12 12 12 12 12 12 12 12 12 12 12 12 12 12 12 12 12 12 
12 12 
12 7 3 2 4 12 12 4 3 5 
4 3 5 4 3 5 
12 12 12 
12 12 12 12 12 12 12 12 12 12 12 12 12 12 7 5 
3 5 5 4 8 2 7 5 3 5 12 2 7 5 3 5 19 7 2 28 5 4 29 7 3 23 4 20 


3 



5 5 

2 

3 7 


2 
3 5 


4 18 


36 

33 8 
16 3 3 
12 38 12 12 
12 12 12 12 12 12 12 12 12 12 12 12 12 12 12 12 12 12 12 12 12 12 12 12 12 12 12 12 12 12 12 12 12 12 12 12 12 12 12 12 12 12 12 12 12 12 12 24 5 3 5 5 3 5 8 3 2 8 3 2 12 4 3 32 28 
27 21 27 16 19 9 15 12 16 5 3 5 5 3 5 8 3 2 8 3 2 12 4 3 32 28 
27 21 27 16 19 9 15 12 16 
12 12 12 12 12 12 12 12 12 12 12 12 12 12 12 12 12 12 12 12 12 12 
7 3 10 5 
4 5 3 4 5 3 4 
12 4 6 
12 4 6 12 4 6 12 7 4 6 4 





12 
12 12 12 12 12 12 12 12 12 
12 12 12 12 12 12 12 12 12 12 12 12 12 12 12 12 12 12 12 12 12 12 12 12 12 12 12 12 12 12 12 12 12 12 12 12 12 12 12 12 12 12 12 12 12 12 12 12 12 12 12 12 12 12 12 12 12 12 12 12 12 12 12 12 12 12 12 12 12 12 12 12 12 12 12 12 12 12 12 12 12 12 12 

31 34 


17 

43 46 


39 

43 46 


29 42 41 44 4 3 5 31 

24 24 18 20 16 12 10 16 
4 
15 15 15 3 3 3 6 3 3 6 22 3 6 3 6 21 4 5 19 









































12 24 12 
8 4 8 7 5 7 5 7 9 3 8 4 3 5 7 6 2 4 3 3 9 
6 2 4 3 3 2 
4 3 5 4 3 9 4 3 5 4 3 5 




7 3 2 22 
4 3 9 


7 3 2 22 
4 3 5 4 

4 
22 
12 12 12 12 12 12 12 12 12 12 12 12 12 12 12 12 12 12 12 12 12 12 12 12 12 
12 12 
12 7 3 2 4 12 12 4 3 5 
12 12 4 8 12 8 7 5 12 7 9 3 12 3 5 7 12 7 3 6 12 10 6 3 3 
12 7 3 6 12 10 6 3 3 12 
12 12 12 12 12 12 12 12 12 12 12 12 12 12 12 12 

39 33 
28 12 12 12 12 12 12 12 12 12 12 12 12 12 12 12 

36 40 
27 12 12 12 12 12 12 12 12 12 12 12 12 12 12 12 

38 42 
40 12 12 12 12 12 12 12 12 12 12 12 12 12 12 12 

41 34 
27 12 12 12 12 12 12 12 12 12 12 12 12 12 12 12 36 12 
12 33 12 27 12 12 31 12 
12 
12 
4 3 5 4 3 5 
12 12 12 
12 12 12 12 12 12 12 12 12 12 12 12 12 12 7 5 
3 5 5 4 8 2 7 5 3 5 12 2 7 5 3 5 19 7 2 28 5 4 29 7 3 23 4 20 


3 



5 5 

2 

3 7 


3 2 4 
4 5 12 
3 3 2 24 20 12 3 5 9 3 5 4 3 5 12 3 5 

39 40 
31 33 22 28 17 21 6 6 4 12 12 12 20 12 21 12 12 28 12 
12 12 
12 33 12 10 12 12 12 12 12 
12 12 12 12 12 12 12 12 
12 12 12 12 12 12 12 12 12 12 12 12 12 12 
7 3 10 5 
3 
4 5 3 4 5 3 4 
12 7 3 6 12 7 3 6 12 7 3 6 12 5 2 4 8 





12 
12 12 12 12 12 12 12 12 12 
12 12 12 12 12 12 12 12 12 12 12 12 12 12 12 12 12 12 12 12 12 12 12 12 12 12 12 12 12 12 12 12 12 12 12 12 12 12 12 12 12 12 12 12 12 12 12 12 12 12 12 12 12 12 12 12 12 12 12 12 12 12 12 12 12 12 12 12 12 12 12 12 12 12 12 12 12 12 12 12 

43 46 


29 

43 46 


27 

43 46 


29 
44 4 3 5 43 

24 24 18 20 16 12 22 16 8 
4 
15 15 15 3 3 3 6 12 3 6 3 6 22 3 6 3 6 21 4 5 19 

































31 
38 
12 12 12 
8 4 8 7 5 7 5 7 9 3 8 4 3 5 7 6 2 4 3 3 9 
6 2 4 3 3 2 
4 3 5 4 3 9 4 3 5 4 3 5 



7 3 2 22 
4 3 9 


7 3 2 22 
4 3 9 


22 
12 12 12 12 12 12 12 12 12 12 12 12 12 12 12 12 12 
12 12 
4 3 5 7 3 2 4 4 3 5 12 4 3 5 24 31 27 24 31 24 
24 31 27 24 31 24 28 31 27 31 24 31 27 24 31 24 28 31 27 31 24 31 27 24 31 24 2 4 8 3 5 7 3 2 4 3 5 19 17 
23 12 20 28 15 2 3 19 12 2 3 16 8 17 9 

9 
12 19 14 18 24 19 12 15 16 17 10 
19 
4 8 2 4 3 5 3 2 7 4 3 9 4 24 4 15 4 8 2 4 3 5 3 2 7 4 3 9 4 24 4 15 3 17 


24 31 27 24 31 24 28 31 27 31 24 31 27 24 31 24 19 3 3 3 20 4 5 28 3 29 3 23 6 3 23 6 3 24 3 4 7 20 9 7 7 7 7 19 8 7 17 9 6 15 6 3 6 6 6 6 15 9 6 5 15 9 5 5 19 8 5 4 18 9 4 12 15 9 19 3 3 3 20 4 5 28 3 29 3 29 3 29 3 28 3 21 8 19 9 17 9 16 3 5 16 3 4 15 3 3 15 3 3 12 4 5 
4 6 2 7 24 
3 4 10 3 4 5 3 4 22 3 4 17 3 4 34 3 4 30 
24 31 27 24 31 24 28 31 27 31 24 31 27 24 31 12 24 











8 













8 














2 2 2 2 2 2 2 2 

2 2 2 2 2 2 2 2 

2 2 2 2 2 2 2 2 

3 5 
3 5 6 3 

3 3 3 3 
5 3 5 3 5 6 3 3 3 3 3 5 3 3 3 3 5 3 
3 9 3 9 3 3 
















8 
12 12 



12 
12 


12 
12 

12 
12 


4 
4 
3 
3 


5 4 3 
3 2 4 3 5 


















12 
12 


12 
12 


12 
12 



12 12 












































8 








4 4 7 2 7 3 2 7 3 


5 4 3 
3 
4 9 4 5 3 3 3 3 5 3 5 3 7 3 4 3 3 4 9 4 5 3 3 3 3 5 3 5 3 7 3 4 8 

















9 9 10 5 3 2 4 4 3 5 
4 4 3 3 4 4 3 3 3 3 3 
4 4 3 3 4 4 3 3 3 3 4 8 9 9 8 4 3 6 4 
4 4 3 3 4 4 3 3 3 3 4 



10 4 
4 3 3 3 3 3 3 4 4 
4 
3 3 4 3 3 3 3 4 4 
4 
3 3 4 3 3 3 3 4 3 
3 

4 3 3 4 4 3 3 3 3 3 
4 4 3 3 4 4 3 3 3 3 4 
7 7 


9 
9 
3 
3 
3 3 3 
3 3 7 7 7 

12 
12 
3 5 
4 3 2 5 4 
12 
4 3 5 
7 
7 


9 
9 
3 
3 
3 3 3 10 7 
3 3 3 3 3 
4 4 3 3 4 4 3 3 3 3 
4 4 3 3 4 4 3 3 3 3 

4 
4 3 3 4 4 3 3 3 3 3 
4 4 3 3 4 4 3 3 3 3 4 8 9 9 8 4 3 6 4 
4 4 3 2 
3 3 4 9 9 8 12 12 




5 7 4 
5 4 
7 3 4 
4 
4 4 
3 3 3 

3 3 3 4 4 4 9 9 8 9 12 12 