 69|72 43|71|74 70|73 47|71|74 70|73 50|71|74 70|73 55|71|74 43 72|76 68|71 50|69|72 38 71|74 66|69 43|67|71 31 59|67 62|69 43|67|71 66|70 47|67|71 66|70 51|67|71 66|70 52|67|71 54 55|66|69
 64|67 57|64|67 62|66 45|62|66 66|69 64|67 61|64 50|62 62 67|71
 69|72
 43|71|74 70|73 47|71|74 70|73 50|71|74 70|73 55|71|74 43 72|76 68|71 50|69|72 38 71|74 66|69 43|67|71 31 59|67 62|69 43|67|71 66|70 47|67|71 66|70 51|67|71 66|70 52|67|71 54 55|66|69
 64|67 57|64|67 62|66 45|62|66 66|69 64|67 61|64 50|62 62 74 79 59|62|74|79 57|62|72|78 55|62|71|79 54|62|69|81 50 54|79
 78 76 74 55|69|72 67|71 48|72|76
 69|72 50|67|71 66|69 59|59|67 60|69 31|43|62|71 61|70 35|47|62|71 61|70 38|50|62|71 61|70 43|55|62|71 41|53 40|52|64|72 59|68 60|69 39|51 38|50|62|71 57|66 43|59|67 55 74
 79 59|62|74|79 57|62|72|78 55|62|71|79 54|62|69|81 50 54|79
 78 76 74 55|69|72 67|71 48|72|76
 69|72 50|67|71 66|69 59|59|67 60|69 31|43|62|71 61|70 35|47|62|71 61|70 38|50|62|71 61|70 43|55|62|71 41|53 40|52|64|72 59|68 60|69 39|51 38|50|62|71 57|66 43|59|67 55 74
 73 74 43|71 74 50|67 71 55|62 71 48|69 72 50|66 69 54|62 66 47|67 66 50|67 69 55|71 73 54|74 73 57|74 76 62|74 72 55|71 70 59|71 72 51|71 69 52|67 71 49|69 67 50|66 69 43|64 66 67 64 45|61 57 50|62
 74 73 74 43|71 74 50|67 71 55|62 71 48|69 72 50|66 69 54|62 66 47|67 66 50|67 69 55|71 73 54|74 73 57|74 76 62|74 72 55|71 70 59|71 72 51|71 69 52|67 71 49|69 67 50|66 69 43|64 66 67 64 45|61 57 50|62
 74 73 74 50|76 72 69 62|71 61|70 62|71 64|72 60|69 57|66 59|74 58|73 59|74 60|76 57|72 54|69 55|71 54|70 55|71 57|72 54|69 50|66 50|74 52|73 54|74 55|71 74 59|67 71 47|62 79 48|76 79 52|72 76 57|69 72 50|54|66 69 57|62 64 60|65 66 55|60|69
 59|67 74 73 74 50|76 72 69 62|71 61|70 62|71 64|72 60|69 57|66 59|74 58|73 59|74 60|76 57|72 54|69 55|71 54|70 55|71 57|72 54|69 50|66 50|74 52|73 54|74 55|71 74 59|67 71 47|62 79 48|76 79 52|72 76 57|69 72 50|54|66 69 57|62 64 60|65 66 55|60|69
 59|67
 67|71 69|72
 43|71|74 70|73 47|71|74 70|73 50|71|74 70|73 55|71|74
 43 72|76 68|71 50|69|72 38 71|74 66|69 43|67|71 31 59|67 62|69 43|67|71 66|70 47|67|71 66|70 51|67|71 66|70 52|67|71 54 55|66|69
 64|67 57|64|67 62|66 45|62|66 66|69 64|67 61|64 50|62 62 74 79 59|62|74|79 57|62|72|78 55|62|71|79 54|62|69|81 50 54|79
 78 76 74 55|69|72 67|71 48|72|76
 69|72 50|67|71 66|69 59|59|67 60|69 31|43|62|71 61|70 35|47|62|71 61|70 38|50|62|71 61|70 43|55|62|71 41|53 40|52|64|72 59|68 60|69 39|51 38|50|62|71 57|66 43|59|67 5560 58 63 61 60 63 68 70 63 64 65 58
 60
 61 63 57 61 60
 58 56 55 58 56 72 70 75
 73
 72 75 80 82 75 76 77 70
 72
 73 75 69 73 72
 70 68 67 70 68
 60
 72
 80 79 77 84 80 79 77 72 80 79 77 75
 74
 75
 74 72 74 77
 75
 75
 65 68 72
 71
 72 74 72 70 79
 77 75 74 72 70 69 72 70 68 65 63
 56 55
 58
 63 63
 62 62 60 60 59 59 58 58
 60
 58 63
 61
 60 63 68 70 63 64 65 58
 60
 61 63 57 61 60
 58 56 55 58 56
 63 68 71 70 68 67 73
 68 71 70 68 68 67
 71
 71 71 70 70 70 68 68 68 66
 63 59 71 68 64 76 73 70 71
 63 64
 64 68 66 64 63 69
 64 68 64 63 62 62 62 62 61 61 60
 58 63 61 60 63 68 70 63 64 65 58
 60
 61 63 57 61 61
 60 58 58 56 55 58 56 51 56 60
 72 70 75
 73 72 75 80 82 75 76 77 70
 72
 73 75 69 73 73
 72 70 70 68 67 68
 63
 64
 65
 63 61 60 58 56 55 61 58 55 56
 58
 56 55 56
 60 51
 75
 76 77
 75
 73 72 70 68 67 73 67 68
 75
 73 72 73 77 75 73 72 60
 58 57 58 61 60 58 56 55 56
 56 56
 44|56
 51 56 51 49|55 51 55 51 48|56 51 56 51 43|58 51 58 51 44|56 51 43|58 51 41|60 56 53|62 56 51|55 58 55 58 39|55 58 55 58 37|55 58 55 58 49|55 51 55 51 48|56 51 56 51 41|51 48 51 48 34|53 49 53 49 39|49 49 49 49 32|49|55 51 44|49 51 32|48|56
 51 56 60 63 68 44|56|60 51|63 56|60 51|63 49|55|58 51|63 55|58 51|63 48|56|63 51|68 56|63 51|68 43|55|63 51|70 55|63 51|70 44|56|63 51|68 43|56|63 51|70 41|53|68 44|72 41|53|68 44|74 39|67 43|70 46|67 51|70 55|67 58|70 55|67 58|70 37|67 43|70 46|67 49|70 55|67 58|63 55|67 49|63 48|68 51|63 48|68 51|63 41|48|63 53|60 48|63 53|60 46|49|65 53|61 49|65 53|61 39|46|61 51|61 46|61 51|61 44|61 51|63 55|61 51|63 56|60
 60 60 60 60 60 60 60 52|55|60 52|55|60 52|55|60 52|55|60 53|56|60 53|56|60 53|56|60 53|56|60 55|58|64 55|58|64 55|58|64 55|58|64 56|60|65 56|60|65 56|60|65 56|60|65 58|65|68 58|65|68 58|65|68 58|65|68 59|65|68 59|65|68 59|62|68 59|62|68 60|63|67 60|63|67 60|63|67 60|63|67 56|63 56|63 56|63 56|63
 58|63|67 58|63|67 58|63|67 46|50|56 46|50|56 46|50|56 51|55|63
 58 55 58 55 51 34|51|53 50 50|53 48 48|53 47 47|53 46 39|46|51
 46 43 46 43 39 34|53|56
 46|53|56 39|53|55 52 52 51 51 50 50 51 51 52 52 51 51 50 50 49 32|44|48|56 51 56 51 49|55 51 55 51 48|56 51 56 51 43|58 51 58 51 44|56 51 43|58 51 41|60 56 53|62 56 51|55 58 55 58 39|55 58 55 58 37|55 58 55 58 49|55 51 55 51 48|56 51 56 51 41|51 48 51 48 34|53 49 53 49 39|49 49 49 49 32|49 51 44|49 51 32|48
 44|56|59|63
 59|63 59|63 59|63 59|63 59|63 59|63 59|63 59|63 59|63 59|63 59|63 58|61|63 61|63 61|63 61|63 58|61|63 57|61|63 58|61|63 58|61|63 56|61|63 55|61|63 53|61|63 51|61|63 56|59|63 59|63 59|63 59|63 59|63 59|63 59|63 59|63 59|63 59|63 59|63 59|63 51|58|63 58|63 58|63 58|63 51|58|63 50|58|63 51|55|58|63 52|55|58|63 51|55|58|63 49|55|58|63 47|55|58|63 46|55|58|63 44|59|63|68 59|63 59|63 59|63|71
 59|63|70 59|63|68 45|47|51|54|66|78 45|47|51|54 45|47|51|54 45|47|51|54 45|47|51|54 45|47|51|54 44|47|52|56|71|83 44|47|52|56 44|47|52|56 44|47|52|56 44|47|52|56 44|47|52|56 49|52|54|58|76|88 49|52|54|58 49|52|54|58 49|52|54|58 52|54|58 52|54|58 47|52|56|59|71|83 47|52|56|59 47|52|56|59 35|47|54|57|59|63 35|47 35|47 40|52|56|59|64 56|59 56|59 56|59 56|59 56|59 56|59 56|59 56|59 56|59 56|59 56|59 40|52|56|59 56|59 56|59 56|59 56|59 56|59 56|59 56|59 56|59 56|59 56|59 56|59 54|57|59 57|59 57|59 57|59 54|57|59 53|57|59 54|57|59 54|57|59 52|57|59 51|57|59 49|57|59 47|57|59 52|56|59 56|59 56|59 56|59 56|59 56|59 56|59 56|59 56|59 56|59 56|59 56|59 50|56|59 29|50|56|59 32|50|56|59 35|50|56|59 38|50|56|59 41|50|56|59 44|50|56|59 50|56|59 50|56|59 50|56|59 50|56|59 50|56|59 50|56|59 29|50|56|59 32|50|56|59 35|50|56|59 38|50|56|59 41|50|56|59 44|50|56|59 50|56|59 50|56|59 50|56|59 50|56|59 50|56|59 49|56|58 40|49|56|58 44|49|56|58 46|49|56|58 49|56|58 49|56|58 49|55|58 39|49|55|58 43|55|58 46|49|51|55|58|61 49|51|55|58 49|51|55|58 32|44|48|60 51 51 56 51 51 49|55 51 51 55 51 51 48|56 51 51 56 51 51 43|58 51 51 58 51 51 44|56 51 51 43|58 51 51 41|60 56 56 53|62 56 56 51|55 58 58 55 58 58 39|55 58 58 55 58 58 37|55 58 58 55 58 58 49|55 51 51 55 51 51 48|56 51 51 56 51 51 41|51 48 48 51 48 48 34|53 49 49 53 49 49 39|55 49 49 49 49 49 32|49|55 51 51 44|49 51 51 32|48|56
 60 63 68 44|56|60 51|63 51|63 56|60 51|63 51|63 49|55|58 51|63 51|63 55|58 51|63 51|63 48|56|63 51|68 51|68 56|63 51|68 51|68 43|55|63 51|70 51|70 55|63 51|70 51|70 44|56|63 51|68 51|68 43|56|63 51|70 51|70 41|53|68 44|72 44|72 41|53|68 44|74 44|74 39|67 43|70 46|70 51|67 55|70 58|70 63|67 70 70 67 70 70 37|67 43|70 46|70 49|67 55|70 58|70 61|67 63 63 67 63 63 60|68 63 63 68 63 63 53|63 60 60 63 60 60 46|65 61 61 65 61 61 39|46|67 51|61 51|61 39|61 51|61 51|61 44|60 51 51 51 51 51 51 51 51 51 51 51 39|49|51 39|49|51 39|49|51 39|49|51 39|49|51 39|49|51 39|49|51 39|49|51 39|49|51 39|49|51 39|49|51 39|49|51 44|48|51 51 51 51 51 51 51 51 51 51|75|87 51 51
 76|88
 39|49|51|77|89 39|49|51 39|49|51 39|49|51 39|49|51|75|87 39|49|51|73|85 39|49|51|72|84 39|49|51|70|82 39|49|51|68|80 39|49|51|67|79 39|49|51|73|85 39|49|51|67|79 44|48|51|68|80
 63|67 56|68|68 51|61|67 56|60|68 60
 39|49|58 57 58 61 60 58 44|48|56
 32|48|51 32|44|48|56 86|91 86|91 86|89 84|87 84 83|91 80 80 80 77
 84 84 84 84 83|86 84|87
 86|89
 84|87
 84|87 81|90
 82
 82 87 86 87 89 84 84 82
 87 89 90 89 90 90 82|89
 82|89 82|91
 82|89 82|87 84|87 82|87 82|86 82|89
 82|91 82|91 82|86 82|87 80|87 82|87 82|86 82|87
 91 91 91 87 82 82 82 79 75 75 75 70
 91 91 91 87 82 82 82 79 75 75 75 70
 82 82 82 82
 77|86 77|86 77|86 79|87
 86|91 86|91 86|89 84|87
 84 83|91
 80 80 80 77
 84 84 84 84 83|86 84|87
 86|89
 84|87
 84|87 81|90
 82
 82 87 86 87 89 84 84 82
 87 89 90 89 90 90 82|89
 82|89 82|91
 82|89 82|87 84|87 82|87 82|86 82|89
 82|91 82|91 82|86 82|87 80|87 82|87 82|86 82|87
 91 91 91 87 82 82 82 79 75 75 75 70
 91 91 91 87 82 82 82 79 75 75 75 70
 82 82 82 82
 77|86 77|86 77|86 79|87
 86 86 84 82
 81 86 86 84 82 81 82
 79 81 82 84 78 81 82 84 81 82 84 86 79 82 84 86 82 84 86 81|87
 81|87 79|88 79|88 79|88 79|88 79|88 82|86 82|86 82|86 82|86
 73|85 73|85 73|85
 74|86 74|86 74|86
 86 86 86|91 83|86 83|86 84|88 84 84 84 77
 79
 77 79 77 78 81 82
 83 85 85 85 85 86 86 86 86
 86
 86 86 83|86
 84|86 81|86 86 86 86 86
 80|92 80|92 80|92 77|89
 80|92 80|92 80|92 77|89 80|92 80|92 80|92 77|89 80|92 80|92 80|92 77|89 80|92 80|92 80|92 77|89 79|91 79|91 79|91 87|91
 89|91 89|91 89|91 86|91
 65
 63
 78|84
 79|83
 84 84 84 84 83|86 84|87
 86|89
 84|87
 84|90 84|90
 79|91
 79 84 83 84 86 81 81 79
 79 84 83 84 86 81 81 79
 82 84 82 81 84 86 84 83
 92 91 90 91 93 91 90 91 93 91 90 91 90 91 90 91 89|91
 89|91 88|91
 83|91 84|91 84|93 88|91 83|91
 90 91 90 89|91
 88|91
 88|91 83|91 84|91 86|89 88|91 86|91 84 88 88 88 84 79 79 79 76 72 72 72 67
 88 88 88 84 79 79 79 76 72 72 72 67 74|79 74|79 74|79 76|79
 74|79 74|79 74|79 76|79 74|83 74|83 74|83 76|84 72|84 72|84 72|84 72|84 72|84 72|84 72|84 72|84 72|84 72|84 72|84 72|84 72|84 72|84 72|84 72|84
 80|85
 80|85 84|87 84|87 84|87 84|87 84|87
 84 84 84 87 83|89 83|89 87
 89 86 87 84 86 82 84 80 82 79 80 77 79 79 79 79 79 79 84 84 84 84 83|89 84|89 83|89 84|89 86|89 84|87
 84|89 84|91 84|89 86|89
 86|91 87|91 87|92 86|92 86|92 86|91 86|91 84 86
 87 89 86
 77|89 79|91 80|92 77|89 81|84 83|86 84|87 79|84 81|84 83|86 84|87 82|86 80|84 79|82 77|80 75|79
 77|80 75|79 89|92 87|91
 84|91 86|91
 80 79 89|92 87|91 87|91 86|91 84
 86|91
 86|91 86|91 86|91 87 89 86 87 89 87|91
 79|91 79|91 79|91 79|91 79|91 79|91 79|91 79|91 79|91 79|91 79|91 87|91
 89|91 89|91 89|91 86|91
 83|86 83|86 83|86 84|87
 83|86 83|86 83|86 84|87 83|86 83|86 83|86 84|87
 86|91 87|91 86|91 87|91 86|91 87|91 86|91 87|91
 79|83 79|84
 74|79
 74|79 74|77 72|75 72|78 71|79
 80 80 80 77
 77 77 77 75
 75|79
 77|80
 76|79 77|80 79|82 77|80 77|80 75|79
 77|79
 75|79
 75|78 75|78
 70|77
 84 82 81
 81 81 81 77|80
 77|80 75|79
 80 75|82 75|84 75|79 74|77 77|80
 75|79 75|79 74|77 75|79 75|77 75|79 74|77 75|79
 79 79 79 75 82 82 82 79 75 75 75 70
 79 79 79 75 82 82 82 79 75 75 75 70
 74|77 74|77 74|77 75|79
 77|82 77|82 77|82 75|79
 74|79 74|79 74|77 72|75
 72|78 71|79
 80 80 80 77
 77 77 77 75
 75|79
 77|80
 76|79 77|80 79|82 77|80 77|80 75|79
 77|79
 75|79
 75|78 75|78
 70|77
 84 82 81
 81 81 81 77|80
 77|80 75|79
 80 75|82 75|84 75|79 74|77 77|80
 75|79 75|79 74|77 75|79 75|77 75|79 74|77 75|79
 79 79 79 75 82 82 82 79 75 75 75 70
 79 79 79 75 82 82 82 79 75 75 75 70
 74|77 74|77 74|77 75|79
 77|82 77|82 77|82 75|79
 78 78 81 79
 78 78 78 81 79 78 79
 72|78 72|78 67|79 74|79
 79 81 82 78|81 78|81 79|82 79|82 79|82 79|82 79|82 79|82 79|82 79|82 79|82
 79|82 79|82 79|82
 74|81 74|81 74|81
 78 78 78 78|81 78|81 79|83 77 77 77
 72|84 72|84 72|84 77
 79
 65|77 67|79 77 78 81 82
 81
 81 81 81 81 81
 74|86
 74|86 74|86 71|83
 72|84 69|81 80 80 80 80
 80 80 80 77
 80 80 80 77 80 80 80 77 80 80 80 77 80 80 80 65|77 67|79 67|79 67|79 75|79
 77|79 77|79 77|79 74|79
 72
 74 75
 74 72 71
 72 74 75 72 79
 77 75 74 75
 74 72 74 77 75 74
 74|77
 72|75
 83 84 77|80
 75|79
 75|79 75|79 75|79
 77|80 76|79 77|80 79|82 77|80 77|80 75|79
 77|79
 75|79
 78|81 78|81
 74|79
 72|76 74|77 71|77 72|76
 72|76 74|77 71|77 72|76
 79|83
 79|86
 79|84 77|79 72|79 74|84 76|84 74|83 77|86
 76|84 76|84 74|83 76|84 74|84 76|84 74|83 76|84
 76 76 76 72 79 79 79 76 72 72 72 67
 76 76 76 72 79 79 79 76 72 72 72 67 71|74 71|74 71|74 72|76
 71|74 71|74 71|74 72|76 74|79 74|79 74|79 76|79 72|84 72|84 72|84 72|84 72|84 72|84 72|84 72|84 72|84 72|84 72|84 72|84 72|84 72|84 72|84 72|84
 73|85
 80
 73|80
 75|81 75|81 75|81 75|81 75|81
 72 72 72 75
 77|83 77|83 72|84
 74|86 70|82 72|84 68|80 70|82 67|79 80 77 75 74 75 77 75 77 79 80 79 80 71|77 72|77 71|77 72|77 74|77 72|75
 72|77 72|79 72|80
 77 71|77 74|79 75|79 75|84 80|84 80|84 79|84 79|83 72|84 72|84
 72|84 72|84
 72|84 72|84 72|84 67|79 67|79 67|79 67|79 67|79 67|79
 80|84 79|82 77|80 75|79
 77|80 75|79 77|84 75|84 75|84 74|83
 77|80 75|79 77|84 75|84 75|84 74|83 75|84
 74|83
 74|83 74|83 74|83 75|84 77|86 74|83 75|84 77|86 75|84
 79 79 79 79 79 79 79 79 79 79 79 75|79
 77|79 77|79 77|79 74|79
 80
 79
 80 79 74|79 74|79 74|79 75|79
 74|83 74|83 74|83 75|84 74|83 74|83 74|83 75|84
 74|83 75|84 74|83 75|84 74|83 75|84 74|83 75|84
 74|83 75|84
 67
 67 67 63
 65 65 65 62
 55|59 59|62 62|67 63|67
 60|66 59|62
 68 68 68 65
 74 74 74 72
 65|68
 64|67 65|68 67|70 65|68 62|65 63|67
 62|65
 60|63
 66|75 66|75
 70
 70 75 74 75 77 72 72 70
 72|75
 70|75
 69|75
 69|75 69|75 69|75 68|70
 65|70 67|70
 68|70 67|70 65|72 67|70 65|70
 69|81 70|82 69|81 70|82 69|81 70|82 69|81 70|82 72|84 70|82 68|80 67|79
 67|79
 65|74 67|75 65|68 63|67 65|74 67|75 79 79 79 75 70|82 70|82 70|82 67|79 63|75 63|75 63|75 58|70
 79 79 79 75 70|82 70|82 70|82 67|79 63|75 63|75 63|75 58|70
 65|74 65|74 65|74 67|75
 74|77 74|77 74|77 67|75
 67 67 67 63
 65 65 65 62
 55|59 59|62 62|67 63|67
 60|66 59|62
 68 68 68 65
 74 74 74 72
 65|68
 64|67 65|68 67|70 65|68 62|65 63|67
 62|65
 60|63
 66|75 66|75
 70
 70 75 74 75 77 72 72 70
 72|75
 70|75
 69|75
 69|75 69|75 69|75 68|70
 65|70 67|70
 68|70 67|70 65|72 67|70 65|70
 69|81 70|82 69|81 70|82 69|81 70|82 69|81 70|82 72|84 70|82 68|80 67|79
 67|79
 65|74 67|75 65|68 63|67 65|74 67|75 79 79 79 75 70|82 70|82 70|82 67|79 63|75 63|75 63|75 58|70
 79 79 79 75 70|82 70|82 70|82 67|79 63|75 63|75 63|75 58|70
 65|74 65|74 65|74 67|75
 74|77 74|77 74|77 67|75
 70 70 70 67
 73 73 73 72 73 73 73 72 68|72
 67 68 67 68
 72|75 71|74 72|75 71|74 72|75
 66|74
 66|74 69|72 67|70 66|69 66|74 66|74 69|72 67|70 66|69 67|70
 67 69 70 66|72 66 69 70 66|72 69 70 72 67|74 67 70 72 67|74 67|70 69|72 70|74 66|69
 66|69 67|70 67|70 67|70 67|70 67|70 67|70 67|70 67|70 67|70
 67|70 67|70 67|70
 62|69 62|69 62|69
 72 72 72 66|69 66|69 67|71 71 71 71 71|74 71|74 72|76 72|84 72|84 72|84 65|77
 67|79
 65|77 67|79 68|72 66|73 69|75 70|73
 71 68|73 69|73 69|73 69|73 69|74 69|74 69|74 69|74
 74
 74 74 71
 72 69 68|74 68|74 68|74 68|74
 68|80 68|80 68|80 65|77
 68|80 68|80 68|80 65|77 68|80 68|80 68|80 65|77 68|80 68|80 68|80 65|77 68|80 68|80 68|80 65|77 67|79 67|79 67|79 63|75
 65|77 65|77 65|77 62|74
 63|67
 62|67 62|67 63|67 60|66
 59|67
 71 72 65|68 64|67 65|68 67|70 65|68 62|65 63|67
 62|65
 60|63
 66|75 69|75
 71|74
 70 72 70 69
 72 74 72 71
 68|80 67|79 65|77 67|79 68|80 67|79 66|78 67|79 69|81 67|79 66|78 67|79 69|81 67|79 66|78 67|79 66|78 67|79 66|78 67|79 77|79
 74|79 76|79
 71|77 72|76 72|74 72|76 71|74 74|77
 72|76 72|76 71|74 72|76 72|74 72|76 71|74 64|72
 64|76 64|76 64|76 60|72 67|79 67|79 67|79 64|76 60|72 60|72 60|72 55|67
 64|76 64|76 64|76 60|72 67|79 67|79 67|79 64|76 60|72 60|72 60|72 55|67 67|71 67|71 67|71 67|72
 67|71 67|71 67|71 67|72 71|74 71|74 71|74 72|76 60|72 60|72 60|72 60|72 60|72 60|72 60|72 60|72 60|72 60|72 60|72 60|72 60|72 60|72 60|72 60|72
 68|73
 68|73 65 65 65 68
 69|72 69|72 69|72 69|72 69|72 60|72 60|72 60|72 63|75 71|80
 79
 71|80 79 75
 77 74 75 72 74 70 72 68 70 67 68 65 63|67 62|67 63|67 65|67 63|67 65|67 67|72 68|72 67|72 68|72 59|71 60|72 59|71 60|72 62|74 63|72
 65|72 67|72 68|72
 65 65|71 67|71 67|72 68|72 68|72 72|74 72|74 71|74 72 74
 75 77 74
 77 79 80 77 69|72 71|74 72|75 67|72 69|72 71|74 72|75 71|74 68|72 67|70 65|68 63|67
 60|72 60|72 77|80 75|79
 72|75 71|79
 60|72 60|72 65|68 63|67 75|79 74|79 72
 71|74
 71|74 71|74 71|74 72|75 74|77 71|74 72|75 74|77 72|75
 67|79 67|79 67|79 67|79 67|79 67|79 67|79 67|79 67|79 67|79 67|79 63|75
 65|77 65|77 65|77 62|74
 68
 67 75 72
 68 67 75 72
 71|74
 71|74 71|74 72|75 71|74 71|74 71|74 72|75 71|74 71|74 71|74 72|75
 71|74 72|75 71|74 72|75 71|74 72|75 71|74 72|75
 71|74 72
 60
 59 60 59 60 59
 59 59 59 60 44 43
 44 44 44 41
 63|67
 59 48|58 48|56 48|52 48|53 48|60 48|51
 47|50
 48|51
 51|57 51|57
 50|53
 55|58 53|56 46|53 51|55 55|58 53|56 46|53 51|55 55|58 52|55 48|52 53|56 56|61 55|58 51|55 56|60 44|56 45|57
 46|58 47|59 48|60
 48|60
 48|60 48|60 50|62
 50|53 51|55
 53|56 55|58 56|60 58 46 65|68 58|65 63|67 63|67 58|65 58|63 56|60 55|58 46|58 51|63
 67 67 67 63 58 58 58 55 51 51 51 46
 67 67 67 63 58 58 58 55 51 51 51 46
 58|62 58|62 58|62 58|63
 46 46 46 51
 60
 59 60
 59 60 59 59 59 59 60 44 43
 44 44 44 41
 63|67
 59 48|58 48|56 48|52 48|53 48|60 48|51
 47|50
 48|51
 51|57 51|57
 50|53
 55|58 53|56 46|53 51|55 55|58 53|56 46|53 51|55 55|58 52|55 48|52 53|56 56|61 55|58 51|55 56|60 44|56 45|57
 46|58 47|59 48|60
 48|60
 48|60 48|60 50|62
 50|53 51|55
 53|56 55|58 56|60 58 46 65|68 58|65 63|67 63|67 58|65 58|63 56|60 55|58 46|58 51|63
 67 67 67 63 58 58 58 55 51 51 51 46
 67 67 67 63 58 58 58 55 51 51 51 46
 58|62 58|62 58|62 58|63
 46 46 46 51
 67
 53|65 52|64 53|65
 52|64 53|65 52|64 53|65 60|63 59|62 60|63 59|62 60|63
 63
 63 62 60 60 60 58 57 54|62 54|62 57|60 55|58
 54|57 54|62 54|62 57|60 55|58 54|57 55|58 43 43|55 43|57 43|58 45|60
 45|54 45|57 45|58 45|60 45|57 45|58 45|60 46|62 46|55 46|58 46|60 46|62 55|58 57|60 58|62 54|57
 54|57 49|61 49|61 49|61 49|61 49|61 50|62 50|62 50|62 50|62
 52|64 52|64 52|64
 54|66 54|66 54|66
 66 66 66
 50|62 50|62 43|55
 59 59 59 60 60 60 56|60
 58|61
 56|60 58|61 56|60 58|61 60|63 61|65
 63|66 65|68 66|69 66|69 66|69 66|69 66|69 66|69 66|69
 50|62
 50|62 50|62 47|59
 48|60 45|57 59|65 59|65 59|65 59|65
 44|56 44|56 44|56 41|53 44|56 44|56 44|56 41|53 44|56 44|56 44|56 41|53 44|56 44|56 44|56 41|53 44|56 44|56 44|56 41|53 44|56 44|56 44|56 41|53 43|55 43|55 43|55 51
 41|53 41|53 41|53 38|50
 48|60
 48|60
 51|63 48|60 47|59 43|55 47|59 43|55 48|60
 47|59 48|60 43|55 48|60 44|56 43|55
 62
 60
 65|68
 65|68 65|68 65|68 63|67 63|67 63|67 63|67
 59 48|58 48|56 48|52 48|53 48|60 48|51
 47|50
 48|51
 60|63 60|63
 59|62
 67
 67 67 60
 62 55 55 64|67 62|65 55|62 60|64 52|55 50|53 43|50 48|52 64|67 62|65 55|62 60|64 55|58 52|55 48|52 53 57|60 54|57 50|54 55 44|56
 47|59
 50|62
 50|62 50|62 62|65
 59|65
 60|64 59|65 60|64 53|65 55|67 43|55 47|50
 48|52 48|52 50|53 52|55 53|57 55|60 55|59 55|60
 52|64 52|64 52|64 48|60 55|67 55|67 55|67 52|64 48|60 48|60 48|60 43|55
 64 64 64 60 55|67 55|67 55|67 52|64 48|60 48|60 48|60 43|55 59|62 59|62 59|62 60|64
 59|62 59|62 59|62 60|64 55|62 55|62 55|62 48|60 48|60 48|60 48|60 48|60 48|60 48|60 48|60 48|60 48|60 48|60 48|60 48|60 48|60 48|60 48|60 48|60 53|56 53|56 53|56 53|56
 53|56 65 65 65 68
 54|57 54|57 54|57 54|57 54|57 60 60 60 63 67 67 67 63
 65 62 67 67 67 63 65 62 67 67 67 63
 65 62 63 60 62 58 60 56 58 55 56 53 55 51 53 50 48 47 48 50 48 50 52 53 52 53 55 44|56 43|55 45|57 47|59 48|60
 44|56 39|51 41|53
 39|51 38|50 41|53 39|51 36|48 41|53 38|50 43|55 43 48|60 50|62
 51|63 53|65 50|62
 53|65 55|67 56|68 53|65 57|60 59|62 60|63 55|60 57|60 59|62 60|63 55|62 56|60 51|58 53|56 48|55
 53|56 48|55 53|56 51|55
 60|63 59|62
 53|56 51|55 53|56 51|55 55|60 55|59 51|60
 62|65
 62|65 62|65 62|65 60|63 59|62 62|65 60|63 59|62 60|63
 43|55 43|55 43|55 43|55 43|55 43|55 43|55 43|55 43|55 43|55 43|55 39|51
 41|53 41|53 41|53 38|50
 67
 63
 67 63 59|62 59|62 59|62 60|63
 59|62 59|62 59|62 60|63 59|62 59|62 59|62 60|63
 59|62 60|63 59|62 60|63 59|62 60|63 59|62 60|63
 55|59 48|60
 67
 67 67 67 51|63 55|67
 68 68 68 65
 55|67 55|67 55|67 55|67 65|68 65|68 63|67
 65|67
 63|67
 63|66 63|66
 58|65
 70
 70 70 63
 65 58 58
 51|63
 51|63
 51|63
 51|63 51|63 58|65
 46|58 46|58 46|58 46|58 51|63 63|67 58|65 46|58
 46|58 46|58 51|63 51|63 51|63 46|58 51|63
 58|70
 58|70 58|70 55|67 51|63 51|63 51|63 46|58
 58|70 58|70 58|70 55|67 51|63 51|63 51|63 46|58 46|58 46|58 46|58 51|63
 58|65 58|65 58|65 51|63
 67 67 67 67
 51|63 55|67
 68 68 68 65
 55|67 55|67 55|67 55|67 65|68 65|68 63|67
 65|67
 63|67
 63|66 63|66
 58|65
 70
 70 70 63
 65 58 58
 51|63
 51|63
 51|63
 51|63 51|63 58|65
 46|58 46|58 46|58 46|58 51|63 63|67 58|65 46|58
 46|58 46|58 51|63 51|63 51|63 46|58 51|63
 58|70
 58|70 58|70 55|67 51|63 51|63 51|63 46|58
 58|70 58|70 58|70 55|67 51|63 51|63 51|63 46|58 46|58 46|58 46|58 51|63
 58|65 58|65 58|65 51|63
 70 70 70 67
 63
 65 66 55|67
 55|67 55|67 55|67 55|67
 51|63 51|63 51|63 51|63 51|63 51|63 51|63 51|63 55|67 55|67 55|67 55|67 55|67 55|67 55|67 55|67
 55|67 51|63
 51|63 55|67 55|67 55|67 55|67 55|67 55|67 55|67 55|67 55|67
 65 65 65
 67 67 67
 65 67
 65 67 65 66 65 65
 65|68
 65|68 65|68
 68
 68 68 65
 68 68 68 65 68 68 68 65
 68 65 68 65 68 65 68 68 68 63
 55|67 55|67 55|67 55|67
 65
 63
 65|68 65|68 65|68 65|68 63|67 63|67 63|67 63|67
 65|68
 63|67
 65|67
 63|67
 51|63 51|63
 55|67 55 55
 65 65 65 65 67
 67 67 65|67 67 65 67 67 55|67
 55|67 55|67 55|67 55|67 65 67 67 67
 67
 67 67 67 67 67 67 67
 55|67 55|67 55|67 55|67 55|67 55|67 55|67 67
 65 67 68 65|68
 65|68 65 65 65 68
 63 63 63 63 63
 65|68
 67 65|68 67 68
 70 67 68 65 63 65 67 68 67 68 67
 67 65|67 65|67 63
 65 67 68 65 65 65 67 67 68 65|68 65|68 67 67
 67 67 67
 67 67 67 63 63 65 51|63
 65|68 63|67 65|68 63|67 63 67
 65|68 63|67 65|68 63|67 65|68 63|67 65|68 63|67 67 67 63|67
 65|67 63|67 65|67 63
 67
 67 67 67 67 67 67 67 67 67 67 63
 67 67 67 67
 67 67 67 67
 67 67 67 67 67 67 67 67
 67 67 67 67 67 67 67 67
 67 67
 55|67
 55|67 55|67 60|72 60|72 55|67
 60|72 60|72
 60|72 60|72 55|67 60|72 60|72 60|72
 60|72
 77 55|67
 60|72
 77
 79
 67|79 55|67 60|72 55|67
 55|67 55|67 60|72 60|72 55|67
 60|72 60|72
 60|72 60|72 55|67 60|72 60|72 60|72
 60|72
 77 55|67
 60|72
 77
 79
 67|79 55|67 60|72
 55|67 60 60 55|67 55|67 60|72 60|72
 64|76
 64|76 64|76 64|76 64|76 67|79 67|79 67|79 67|79
 67|79 67|79 67|79
 74
 60 60 60 74 74 67|74
 55|67 55|67 60|72
 60 60
 60 60
 74 74 74 74 74 74
 67|79 67|79 67|79 67|79
 67|79 67|79 67|79 67|79 60|72
 55|67 60|72
 60|72
 60|72 60|72
 60|72 60|72 55|67 60|72 60|72 60|72
 60|72
 55|67
 67|74
 67|74
 64|72
 55|67 60|72 60|72 60|72 55|67 67|74
 72|76 60|72 55|67 60|72 60|72 72|76 67|74 64|72
 55|67
 55|67 55|67 60|72 55|67 55|67 55|67 60|72
 55|67 55|67 55|67 60|72 55|67 55|67 55|67 60|72 60|72 60|72 60|72 60|72 60|72 60|72 60|72 60|72 60|72 60|72 60|72 60|72 60|72 60|72 60|72 60|72
 60|72 60|72 60|72 60|72
 60|72 60|72 60|72 60|72 60|72
 55|67 55|67
 55|67
 55|67 55|67 55|67 55|67 55|67 60|72 60|72 60|72 60|72 55|67 55|67 55|67 55|67 55|67 60|72
 60|72 60|72 60|72 55|67
 55|67 60|72 60|72 60|72 60|72 55|67 55|67 60|72 60|72
 60|72 60|72 60|72 60|72 60|72 60|72 60|72 60|72 55|67 55|67 55|67 55|67 55|67 55|67 55|67 55|67 55|67 55|67 55|67 60|67
 60|72 60|72
 60|72 60|72 55|67 55|67
 60|72 60|72 60|72 60|72 60|72 60|72 60|72 60|72 55|67 55|67 60|72
 55|67
 55|67 55|67 60|72
 55|67 55|67 55|67 55|67
 55|67 55|67 55|67 55|67
 55|67 55|67 55|67 60|72
 55|67 55|67 55|67 60|72 55|67 55|67 55|67 60|72
 55|67 60|72 55|67 60|72 55|67 60|72 55|67 60|72
 55|67 60
 43
 43 43 48 48 43
 48 48
 48 48 43 48 48 48 48 48 48 48 48 48 48 48 48 48 48 48 48 48 48 48
 43
 48
 43
 43 48
 43 43 43 48 48 43
 48 48
 48 48 43 48 48 48 48 48 48 48 48 48 48 48 48 48 48 48 48 48 48 48
 43
 48
 43
 43 48
 43 48 48 43 43 48
 48 48 48 48 48 48 48 48
 43 43 43 43 43 43 43 43 43 43 43 43
 43 43 43 43
 43 43 43
 43
 43 43 48
 43 43 43 43
 44 43 44 43 44 43 44 43 44 43 44 43 44 43 44 43 44 43 44 43 44 43
 43 43 43 43
 44 43 44 43 44 43 44 43 44 43 44 43 44 43 44 43 44 43 44 43 44 43 44 43
 48
 43 48
 48
 48 48
 48
 48 43 48 48 48 48 48 48 48 48 48 48 48 48 48 48 48 48 48 48 48
 43
 43 43 43 48
 43 43 43 48
 43
 44 43 44 43 44 43 44 43 44 43 43
 48
 43 48 48 43 43 43 44 43 44 43 44 43 44 43 44 43 44 43 44
 48
 48
 43 48 48 43 43 48
 43 43 43 48 43 43 43 48
 43 43 43 48 43 43 43 48 48 48 48 48 48 48 48 48 48 48 48 48 48 48 48 48
 48 48 48 48 48 48 48 48 48 48 48 48 48 48 48 48 48 48 48 48
 48 48 48 48
 43
 43
 43
 43 43 43 43 43 48 48 48 48 43 43 43 43 43 48
 48 48 48 48
 48 48 48 48 48 48 48 48 48 48 48 48 48 48 48 43 43 43 43 43 48 48 48 48 43 43 48 48
 48 48 48 48 48 48 48 48 43 43 43
 43 43 43
 48 48
 48 48
 43 43
 48 48 48 48 48 48 48 48 43 43 48
 43
 43 43 48
 43 43 43 43
 44 43 44 43 44 43 44 43 44 43 44 43 44 43 44 43 44 43 44 43 44 43
 43 43 43 43 44 43 44 43 44 43 44 43 44 43 44 43 44 43 44 43 44 43 44 43 44 43 44 43 44 43 44 43 44 43 44 43 44 43 44 43 44
 43
 43 43 48
 43 43 43 48 43 43 43 48
 43 48 43 48 43 48 43 48
 43 48
 67
 67 67 63
 65 65 65 62
 75 75 75 72
 77 77 77 74
 79 79 77 75
 74 79 79 77 75 74 79 79 77 75 56
 66 72 55|62 71 79
 68 68 68 65
 68 68 68 65 63 68 68 68 65 63 67 72 72 72
 71 71 71 74 74 72 72 72 75 75 74 74 77 77 76 76 79 79 77 77 80 80 79 79 82 82 80 80 84 84 83 83 86 84 87 87 87 84 79 79 79 75 72 67 67 63 60 60 60 59 89 86 86 83 79 77 77 74 71 67 65 62 59 60 60 60 87 87 87 84 81 81 81 78 75 75 75 72 57|69 57|69 57|69 57|69
 58
 65 70
 70
 75 74 75 77 72 72 70 70 75 74 75 77 72 72 70 70 72 73 72 70 72 70 68 73 75 77 75 73 75 73 72 75 77 78 77 75 77 78 77 75 77 78 77 75 77 78 77 75 77 78 77 78 81 70|82
 84
 82 80 80 79 77 75 75 74 72 74 77 75 70 67 74 72 68 65 72 70 67 63 58 81 82 81 82 81 82 81 82 84 82 80 80 79 77 75 75 74 72 74 77 75 70 67 74 72 68 65 72 70 67 63 58 70 82 82 75
 77 77 77 79 70|82 70|82 70|82 70|82
 70|82 70|82 70|82 70|82 77|86 77|86 77|86 79|87
 67 67 67 63
 65 65 65 62
 75 75 75 72
 77 77 77 74
 79 79 77 75
 74 79 79 77 75 74 79 79 77 75 56
 66 72 55|62 71 79
 68 68 68 65
 68 68 68 65 63 68 68 68 65 63 67 72 72 72
 71 71 71 74 74 72 72 72 75 75 74 74 77 77 76 76 79 79 77 77 80 80 79 79 82 82 80 80 84 84 83 83 86 84 87 87 87 84 79 79 79 75 72 67 67 63 60 60 60 59 89 86 86 83 79 77 77 74 71 67 65 62 59 60 60 60 87 87 87 84 81 81 81 78 75 75 75 72 57|69 57|69 57|69 57|69
 58
 65 70
 70
 75 74 75 77 72 72 70 70 75 74 75 77 72 72 70 70 72 73 72 70 72 70 68 73 75 77 75 73 75 73 72 75 77 78 77 75 77 78 77 75 77 78 77 75 77 78 77 75 77 78 77 78 81 70|82
 84
 82 80 80 79 77 75 75 74 72 74 77 75 70 67 74 72 68 65 72 70 67 63 58 81 82 81 82 81 82 81 82 84 82 80 80 79 77 75 75 74 72 74 77 75 70 67 74 72 68 65 72 70 67 63 58 70 82 82 75
 77 77 77 79 70|82 70|82 70|82 70|82
 70|82 70|82 70|82 70|82 77|86 77|86 77|86 79|87
 61 61 61 60 80 80 80 77
 82 82 82 79
 84 84 82 80
 79 84 84 82 80 79 84 84 82 80 80 80 79 77 77 77 75 74 74 74 72 71
 75 75 77 79 75 75 77 79
 81
 82 84 85 74|86 74|86 74|86
 79 79 81 82 77 81 82 84 77 81 82 84 79 82 84 86 79 82 84 86 82 84 86 75|87 75|87 75|87 75|87 75|87 75|87 75|87 75|87 75|87
 76|88 76|88 76|88 76|88 76|88 76|88 76|88 76|88 76|88 76|88 76|88 76|88
 74|86 74|86 74|86 74|86
 85 85 85
 86 86 86 86 79 81 74
 78 78 81
 86 86 83 79 79 79 72
 74 67
 71 71 74
 79 79 76
 55|64 56|65 55|64 56|65 66 69 70
 71 73 61 61 61 62 62 62 62
 74 74 74 71
 72 69
 62 62 62 62
 80 80 80 77 80 80 80 77 80 80 80 77 80 80 80 77 80 80 80 77 79 79 79 75
 77 77 77 74
 68 68 68 67 75 75 75 72
 68 68 68 67 77 77 77 74
 79 79 77 75
 74 79 79 77 75 74 79 79 77 75 56
 66 72
 55
 62 71 79
 68 68 68 65
 63 68 68 68 65 62 62 62 59 56 56 56 55 71 71 71 72 67 72 72 72
 71 71 71 74 74 72 72 72 75 75 74 74 77 77 76 76 79 79 77 77 80 80 79 79 82 82 80 80 84 84 83 83 86 84 87 87 87 84 79 79 79 75 72 67 67 63 60 60 60 59 89 86 86 83 79 77 77 74 71 67 65 62 59 60 60 60 87 87 87 84 81 81 81 78 75 75 75 72 69 69 69 66
 55|67
 67
 72 71 72 74 69 69 67 67 72 71 72 74 69 69 67 70 72 73 72
 72 74 75 74 77 79 80 79 77 79 80 79 77 79 80 79 77 79 80 79 78 79 81 79 78 79 81 79 78 79 78 79 78 79 79
 81
 79 77 77 76 74 72 72 71 69 71 74 72 67 64 71 69 65 62 69 67 64 60 55 78 79 78 79 78 79 78 79 81 79 77 77 76 74 72 72 71 69 71 74 72 67 64 71 69 65 62 69 67 64 60 55 67 79 79 72
 74 74 74 76 79 79 79 79
 79 79 79 79 74|83 74|83 74|83 84 84 84 84 84 84 84 84 84 84 84 84 84 84 84 84 85 85 85 85 85 85 85 85 85 85 85 85 85 85 85 85 85
 75|87 75|87 75|87 75|87 75|87 75|87 75|87 75|87 75|87 75|87 75|87 75|87 75|87 75|87 75|87 75|87 75|87 75|87 75|87 75|87
 71 72 74 75 77 79 80 79 80 79 80 79
 71 72 74 75 77 79 80 79 80 79 80 79 80 79 82 80 79 77 80 79 77 75 79 77 75 74 77 75 74 72 75 74 72 70 74 72 70 68 72 70 68 67 70 68 65 67 63 67 62 67 63 67 65 67 63 67 65 67 67 72 68 72 67 72 68 72 71 77 72 77 71 77 72 77 74 79 75
 72 74 75 77 74 75 77 79 75 77 79 80 77 79 81 83 79 81 83 84 79 80 75 77 74 75 77 79 78 79 67 72
 63 65 67 63
 71 72 74 71 71 72 74 71
 68 67
 80 79 55|63
 72 79
 55|62 71 79 75 74 72 70 68 67
 68 67 80 79 55|63
 72 79
 55|62 71 79 55
 63|72
 79 79 79 79
 79 79 79 72 79 79 79 79 79 79 79 79 79 79 79 79 79 79 79 75
 77 77 77 74
 68 68 68 67 75 75 75 72
 68 68 68 67 75 75 75 72
 71|79 71|79 71|79 72|79 71|79 71|79 71|79 72|79 71|79 71|79 71|79 72|79
 62
 71 79 63 72 79 62 71 79 63 72 79 67 74 83 67 75 84 67 74 83 67 75 84
 55 62 71 55 63 72
 67
 67 67 63
 65 65 65 62
 67 67 67 63
 67 67 67 62
 67
 63 63 65 67
 63 63 65 67 74 74 67
 60
 67 75
 56 66 72 55 62 71
 68
 68 68 65
 62 62 62 59
 60
 62 62 62 59 60 67 67 63 65 68 68 65 67 67 67 63 68 68 68 65 70 70 70 67 72 60 60 56 64 64 64 58 65 65 65 60 68 68 68 65 67 63|72 63|72 63|72 63|72 63|72 63|72 63|72 63|72 63|72 63|72 63|72 63|72 63|72 63|72 63|72 62|71 77 74 74 71 67 65 65 62 59 55 65 62 59 60 60 72 75 75 75 72 69 69 69 66 63 63 63 60 57|69 57|69 57|69 57|69
 58
 65 70
 67
 68 68 67 67 68 68 67 67 68 68 67 67
 67 65 68 70 70 68 63
 65 66 65 63 65 66 65 63 65 66 65 63 65 66 65 63 65 66 65 66 69 70|82
 84
 82 80 80 79 77 75 75 74 72 74 77 75 70 67 74 72 68 65 72 70 67 63 58 69 70 69 70 69 70 69 70 84 82 80 80 79 77 75 75 74 72 74 77 75 70 67 74 72 68 65 72 70 67 63 58 70 82 82 63
 62 62 62 63 65|74 65|74 65|74 67|75
 65|74 65|74 65|74 67|75 70|77 70|77 70|77
 63
 70 79
 67 67 67 63
 65 65 65 62
 67 67 67 63
 67 67 67 62
 67
 63 63 65 67
 63 63 65 67 74 74 67
 60
 67 75
 56 66 72 55 62 71
 68
 68 68 65
 62 62 62 59
 60
 62 62 62 59 60 67 67 63 65 68 68 65 67 67 67 63 68 68 68 65 70 70 70 67 72 60 60 56 64 64 64 58 65 65 65 60 68 68 68 65 67 63|72 63|72 63|72 63|72 63|72 63|72 63|72 63|72 63|72 63|72 63|72 63|72 63|72 63|72 63|72 62|71 77 74 74 71 67 65 65 62 59 55 65 62 59 60 60 72 75 75 75 72 69 69 69 66 63 63 63 60 57|69 57|69 57|69 57|69
 58
 65 70
 67
 68 68 67 67 68 68 67 67 68 68 67 67
 67 65 68 70 70 68 63
 65 66 65 63 65 66 65 63 65 66 65 63 65 66 65 63 65 66 65 66 69 70|82
 84
 82 80 80 79 77 75 75 74 72 74 77 75 70 67 74 72 68 65 72 70 67 63 58 69 70 69 70 69 70 69 70 84 82 80 80 79 77 75 75 74 72 74 77 75 70 67 74 72 68 65 72 70 67 63 58 70 82 82 63
 62 62 62 63 65|74 65|74 65|74 67|75
 65|74 65|74 65|74 67|75 70|77 70|77 70|77
 63
 70 79
 61 61 61 60
 72 72 72 68
 72 72 72 67
 68 68 68 70 72
 68 68 70 72
 63 63 65 67 63 63 65 67
 69
 70 72 73 74 67 67 69 66 79 79 81 78 74
 67 67 69 70 65 69 70 72 65 69 70 72 67 70 72 74 67 70 72 74 70 72 74 69 69|78 69|78 69|78 69|78 69|78 69|78 69|78 69|78
 67|70 67|70 67|70 67|70 70|79 70|79 70|79 70|79 70|79 70|79 70|79 70|79
 70|79 70|79 70|79 70|79
 73 73 73
 74 74 74 74 74 74 67
 69 62
 66 66 69
 74 74 71 67 67 67 60
 62 55
 59 59 62
 67 67 64
 58 60 58 60 61 57 65
 59 56 57 57 57 57 57 57 57
 62 62 62 59
 60 57
 56 56 56 56
 68 68 68 65 68 68 68 65 68 68 68 65 68 68 68 65 68 68 68 65 67 67 67 63
 65 65 65 62
 67 67 67 63
 67 67 67 62
 63 63 65 67
 63 63 65 67 59 60 62 63
 56
 66 72
 55
 62 71 79
 62 62 62 59
 60 68 68 68 65 62 62 62 59 56 56 56 55 62 62 62 63 63 67 67 65
 68 68 65 67 67 67 63 68 68 68 65 70 70 70 67 72 60 60 56 64 64 64 58 65 65 65 60 68 68 68 65 67 63|72 63|72 63|72 63|72 63|72 63|72 63|72 63|72 63|72 63|72 63|72 63|72 63|72 63|72 63|72 62|71 77 74 74 71 67 65 65 62 59 55 65 62 59 60 60 72 87 87 87 84 81 81 81 78 75 75 75 72 69 69 69 57
 55|67
 64
 65 65 64 64 65 65 64 70 67 67 65 69
 69 67 65
 67 68 67 65 67 68 67 65 67 68 67 65 67 68 67 66 67 69 67 66 67 69 67 66 67 66 67 66 67 79
 81
 79 77 77 76 74 72 72 71 69 71 74 72 67 64 71 69 65 62 55 55 60 60 59 66 67 66 67 66 67 66 67 81 79 77 77 76 74 72 72 71 69 71 74 72 67 64 71 69 65 62 69 67 64 60 55 67 79 79 64
 59 59 59 60 62|71 62|71 62|71 64|72
 62|71 62|71 62|71 64|72 71|79 71|79 71|79 76 76 76 76 72|77 72|77 72|77 72|77 72|79 72|79 72|79 72|79 72|80 72|80 72|80 72|80 73 73 73 73 73 73 73 73 73 73 73 73 73 73 73 73 73
 75|84 75|84 75|84 75|84 75|84 75|84 75|84 75|84 75|84 75|84 75|84 75|84 75|84 75|84 75|84 75|84 75|84 75|84 75|84 75|84
 71 72 74 75 77 79 80 79 80 79 80 79
 71 72 74 75 77 79 80 79 80 79 80 79 80 79 82 80 79 77 80 79 77 75 79 77 75 74 77 75 74 72 75 74 72 70 74 72 70 68 72 70 68 67 70 68 65 67 63 67 62 67 63 67 65 67 63 67 65 67 67 72 68 72 67 72 68 72 71 77 72 77 71 77 72 77 74 79 75
 72 74 75 77 74 75 77 79 75 77 79 80 77 79 81 83 79 81 83 84 79 80 75 77 74 75 77 79 78 79 67 72
 63 65 67 63
 59 60 62 59 59 60 62 59
 65 63
 65 63 55|63
 72 79
 55|62 71 79 63 70 60 67 56 63
 65 63 77 75 55|63
 72 79
 55|62 71 79 55
 63|72
 67 67 67 67
 67 67 67 60 67 67 67 67 67 67 67 67 67 67 67 67 67 67 67 63
 65 65 65 62
 67 67 67 63
 67 67 67 63 62|71 62|71 62|71 63|72
 62|71 62|71 62|71 63|72 62|71 62|71 62|71 63|72
 55
 62 71 55 63 72 55 62 71 55 63 72 62 71 79 63 72 79 62 71 79 63 72 79
 55 62 71 55 63 72
 55
 55 55 51
 53 53 53 50
 68 68 68 67
 68 68 68 67
 62
 63 63 63 65 67
 63 63 65 67
 62 63
 56 55
 56 56 56 53
 56 56 56 55
 56 56 56 55
 63 63 60 62 65 65 62 63 63 63 60 65 65 65 59 67 67 67 58 68 56 56 53 58 58 58 55 60 60 60 56 65 65 65 62 63 48|51 48|51 48|51 48|51 48|51 48|51 48|51 48|51 48|51 48|51 48|51 48|51 48|51 48|51 48|51 50|53 50|53 50|53 50|53 50|53 50|53 50|53 50|53 50|53 50|53 50|53 50|53 50|53 50|53 48|51 48|51 48|51 51|54 51|54 51|54 51|54 51|54 51|54 51|54 51|54 51|54 51|54 51|54 51|54 51|54 51|54 51|54 51|54
 53
 63
 65 62 63 63 65 62 63 63 65 62 63 63 64 64 60 65 67 67 63
 57
 57 57 57
 58 58 58 58 59 59 59 59 60 60 60 60 60 60 60 60
 60 60 62
 50 51
 53 55 56 58 58 53 53 58 58 53 53 58 58 55 55 58 58 56 56 58 58 65 63 58 55 62 60 56 53 60 58 55 51 50 53|62 56|65 53|62 55
 58 58 58 58 58 58 58 58
 58 58 58 58 58 58 58 63
 55 55 55 51
 53 53 53 50
 68 68 68 67
 68 68 68 67
 62
 63 63 63 65 67
 63 63 65 67
 62 63
 56 55
 56 56 56 53
 56 56 56 55
 56 56 56 55
 63 63 60 62 65 65 62 63 63 63 60 65 65 65 59 67 67 67 58 68 56 56 53 58 58 58 55 60 60 60 56 65 65 65 62 63 48|51 48|51 48|51 48|51 48|51 48|51 48|51 48|51 48|51 48|51 48|51 48|51 48|51 48|51 48|51 50|53 50|53 50|53 50|53 50|53 50|53 50|53 50|53 50|53 50|53 50|53 50|53 50|53 50|53 48|51 48|51 48|51 51|54 51|54 51|54 51|54 51|54 51|54 51|54 51|54 51|54 51|54 51|54 51|54 51|54 51|54 51|54 51|54
 53
 63
 65 62 63 63 65 62 63 63 65 62 63 63 64 64 60 65 67 67 63
 57
 57 57 57
 58 58 58 58 59 59 59 59 60 60 60 60 60 60 60 60
 60 60 62
 50 51
 53 55 56 58 58 53 53 58 58 53 53 58 58 55 55 58 58 56 56 58 58 65 63 58 55 62 60 56 53 60 58 55 51 50 53|62 56|65 53|62 55
 58 58 58 58 58 58 58 58
 58 58 58 58 58 58 58 63
 49 49 49 48
 60
 61 61 61 60 61 61 61 60 60 62
 63 65 66 67 67 67 65 63
 62 67 67 65 63 62 67 67 65 63 63 63 62 60 60 60 58 57 57 57 55 54
 58 58 60 62 58 58 60 62 62 62 60 58 58 58 57 55 55 55 53 51 51 51 50 48 60 60 58 57 57 57 55 54 54 54 51 50 50 50 48 58 62 62 60 58 58 58 57 55 53 51 50 48 48|60 48|60 48|60 48|60 48|60 48|60 48|60 48|60
 49 49 49 49 61 61 61 61 61 61 61 61
 62 62 62 62
 64 64 64
 54 54 54
 72
 69 66 62 60 57 54 50 55 77 74 71 67 65 62 59 55 60
 48|60 48|60 55 56 58 51 53
 54 53 54 54 54 50 50 50 50
 50|62 50|62 50|62 50|62
 50|62 50|62
 53 53 53 53
 56 56 56 53 56 56 56 53 56 56 56 53 56 56 56 53 56 56 56 53 55 55 55 51
 53 53 53 50
 60
 60 59 59 60
 59
 51 51 53 55 55 57 59 60 56 55
 56 56 56 55 55 56 56 56 53 50 50 50 59 56 56 56 55 55 55 55 55 60 63 63 62
 65 65 62 63 63 63 60 65 65 65 59 67 67 67 58 68 56 56 53 58 58 58 55 60 60 60 56 65 65 65 62 63 48|51 48|51 48|51 48|51 48|51 48|51 48|51 48|51 48|51 48|51 48|51 48|51 48|51 48|51 48|51 50|53 50|53 50|53 50|53 50|53 50|53 50|53 50|53 50|53 50|53 50|53 50|53 50|53 50|53 48|51 48|51 51|57 75 75 75 72 69 69 69 66 63 63 63 60 57 57 57 60
 59|62
 60
 62 59 60 60 62 59 60 67 64 64 60 65 66 66 62
 56
 56 56 56
 59 59 59 59 53
 55 56 55 54 55 57 55 54 55 57 55 54 55 54 55 54 55 55|65
 50
 50 52 52 55 55 53 53 55 55 52 52 55 55 50 50 57 57 52 52 55 55 50
 50 50 55 55 50 50 55 55 52 52 55 55 53 53 59 59 62 60 55 52 59 57 53 50 57 55 52 48 50|59 50|59 53|62 53|62 55
 55 55 55 55 67 67 67 67
 67 67 67 67 55 55 55 67 67 67 67 65 65 65 65 60 60 60 60 56 56 56 56 56 68 68 68 68 68 68 68 68 68 68 68 68 68 68 68 68
 57 57 57 57 69 69 69 69 69 69 69 69 69 69 69 69 69 69 69 69
 67 67 67 63
 65 62
 67 67 67 63 65 62 67 67 67 63
 65 62 63 60 62 58 60 56 58 55 56 53 55 51 53 50 60 59 60 62 60 62 64 65 64 65 67 68 55 57 59 60
 62 63 65 62 63 65 67 63 65 67 68 65 67 69 71 67 69 71 72 67 68 63 65 62 63 65 67 66 67 55 60
 51 53 55 51
 55 57 59 55 55 57 59 55
 53|56 51|55
 53 60 55|67
 55 60 58 56 55 53 51
 53|56 51|55 65 60 55|67
 55|67 48|60
 55 55 55 55
 55 55 55 60 55 55 55 55 55 55 55 55 55 55 55 55 55 55 55 51
 53 53 53 50
 55 55 55 60
 55 55 55 60 55 55 55 60
 55 60 55 60 67 72 67 72
 55 48
 43
 43 43 39
 41 41 41 38
 60
 59 60
 59 60 59 59 59 59 60 44 43
 44 44 44 41
 43 43 43 48
 43 43 43 48
 48 48 48 48 48 48 48 48
 48 48 48 48 48 48 48
 48 48 48 43 43 48 48 48 48 48 48 48 48 48 48 48 48 48 48 48 48 48 48 48
 50
 46 46 46 51
 46 46 46 51 46 46 46 51 48 48 48 53 51 51 51 56
 63
 65 66 65 63 65 66 65 63 65 66 65 63 65 66 65 63 65 66 65 66 60 62
 50 51
 53 55 56 58 46 50 53 50 53 51 55 53 56 55 58 56 60 58 46 58 46 51
 46
 46 46 51 46 46 46 51
 46 46 46 51 46 46 46 51
 43 43 43 39
 41 41 41 38 60
 59 60
 59 60 59 59 59 59 60 44 43
 44 44 44 41
 43 43 43 48
 43 43 43 48
 48 48 48 48 48 48 48 48
 48 48 48 48 48 48 48
 48 48 48 43 43 48 48 48 48 48 48 48 48 48 48 48 48 48 48 48 48 48 48 48
 50
 46 46 46 51
 46 46 46 51 46 46 46 51 48 48 48 53 51 51 51 56
 63
 65 66 65 63 65 66 65 63 65 66 65 63 65 66 65 63 65 66 65 66 60 62
 50 51
 53 55 56 58 46 50 53 50 53 51 55 53 56 55 58 56 60 58 46 58 46 51
 46
 46 46 51 46 46 46 51
 46 46 46 51 46 46 46 51
 37 37 37 36
 60
 61 61 61 60 61 61 61 60 60 62
 63 65 66 67 67 67 65 63
 62 67 67 65 63 62 67 67 65 63 63 63 62 60 60 60 58 57 57 57 55 54
 58 58 60 62 58 58 60 62 62 62 60 58 58 58 57 55 55 55 53 51 51 51 50 48 60 60 58 57 57 57 55 54 54 54 51 50 50 50 48 46 62 62 60 58 58 58 57 55 53 51 50 36|48 36|48 36|48 36|48 36|48 36|48 36|48 36|48 36|48
 49 49 49 49 49 49 49 49 49 49 49 49
 50 50 50 50
 52 52 52
 54 54 54
 60
 57 54 50 48 45 42 38 43 65 62 59 55 53 50 47 43 48
 43 44 43 44 46 48 49
 51 53 42 42 42 42 42 42 42
 50 50 50 47
 48 45
 47 47 47 47 44 44 44 41
 44 44 44 41 44 44 44 41 44 44 44 41 44 44 44 41 44 44 44 41 43 43 43 39
 41 41 41 38
 48
 48 47 47 48
 47 48 43 48 44 43
 43
 43 43 48 56 56 56 53 50 50 50 47 44 44 44 43 55 55 55 48 48 48 48 48
 48 48 48 48 48 48 48 48 48 48 48 48 48 48 48 48
 48 48 48 43 43 48 48 48 63 63 63 60 57 57 57 54 51 51 51 48 45 45 45 48
 47
 43 43 43 48 43 43 43 48 48 48 48 53
 50 50 50 55
 65
 67 68 67 65 67 68 67 65 67 68 67 65 67 68 67 66 67 69 67 66 67 69 67 66 67 66 67 66 67 62
 59 60
 62 64 65 67 55 47 50 47 50 48 52 50 53 52 55 53 57 55 43 55 43 48
 43
 43 43 48 43 43 43 48
 43 43 43 48 43 43 43 48 48 48 48 44 44 44 44 52 52 52 52 53 53 53 53 41 53 53 53 53 53 53 53 53 53 53 53 53 53 53 53 53
 42 42 42 42 54 54 54 54 54 54 54 54 54 54 54 54 54 54 54 54
 67 67 67 63
 65 62
 67 67 67 63 65 62 67 67 67 63
 65 62 63 60 62 58 60 56 58 55 56 53 55 51 53 50 48 47 48 50 48 50 52 53 52 53 55 56 55 57 59 60
 56 51 53
 51 50 53 51 48 53 50 55 43 48
 39
 41 43 39
 43 45 47 43 43 45 47 43
 53 48
 53 48 55
 43 60 55 56 51 53 48
 53 48 53 48 55
 43 48
 43
 43 43 48 43 43 43 43 43 43 43 43 43 43 43 43 43 43 43 39
 41 41 41 38
 36|43
 43 43 43 48
 43 43 43 48 43 43 43 48
 43 48 43 48 55 60 55 60
 43 36|48
 43
 43 43 39
 41 41 41 38
 35 35 35 36
 32 31
 32 32 32 29
 31 31 31 36
 31 31 31 36
 36 36 36 36 36 36 36 36
 36 36 36 36 36 36 36
 36 36 36 31 31 36 36 36 36 36 36 36 36 36 36 36 36 36 36 36 36 36 36 36
 38
 34 34 34 39
 34 34 34 39 34 34 34 39 36 36 36 41 39 39 39 44
 45 45 45 45
 46 46 46 46 47 47 47 47 48 48 48 48 48 48 48 48
 48 48 50
 38 39
 41 43 44 46 34 38 41 38 41 39 43 41 44 43 46 44 48 46 34 46 34 39
 34
 34 34 39 34 34 34 39
 34 34 34 39 34 34 34 39
 43 43 43 39
 41 41 41 38
 35 35 35 36
 32 31
 32 32 32 29
 31 31 31 36
 31 31 31 36
 36 36 36 36 36 36 36 36
 36 36 36 36 36 36 36
 36 36 36 31 31 36 36 36 36 36 36 36 36 36 36 36 36 36 36 36 36 36 36 36
 38
 34 34 34 39
 34 34 34 39 34 34 34 39 36 36 36 41 39 39 39 44
 45 45 45 45
 46 46 46 46 47 47 47 47 48 48 48 48 48 48 48 48
 48 48 50
 38 39
 41 43 44 46 34 38 41 38 41 39 43 41 44 43 46 44 48 46 34 46 34 39
 34
 34 34 39 34 34 34 39
 34 34 34 39 34 34 34 39
 37 37 37 36
 31
 36
 31 36 31 36
 33 38 43 38 43 38 31 31
 31 31 31 33
 33 33 33 33 33 33 33 34 34 34 34 34 34 34 34 36 36 36 36 36 36 36 36 36
 37 37 37 37 37 37 37 37 37 37 37 37
 38 38 38 38
 40 40 40
 42 42 42
 48
 45 42 38 36 33 30 34 31 53 50 47 43 41 38 35 31 36
 31 32 31 32 34 36 37
 39 41 30 30 30 30 30 30 30
 38 38 38 35
 36 33
 35 35 35 35 44 44 44 41
 44 44 44 41 44 44 44 41 44 44 44 41 44 44 44 41 44 44 44 41 43 43 43 39
 41 41 41 38
 36
 36 35 35 36
 35 36 31 36 32 31
 31
 31 31 36 44 44 44 41 38 38 38 35 32 32 32 31 43 43 43 36 36 36 36 36
 36 36 36 36 36 36 36 36 36 36 36 36 36 36 36 36
 36 36 36 31 31 36 36 36 51 51 51 48 45 45 45 42 39 39 39 36 33 33 33 36
 35
 31 31 31 36 31 31 31 36 36 36 36 41
 38 38 38 43
 44 44 44 44
 47 47 47 47 50 50 50 50 50 50 50 50 50 50 50 50
 50
 50 50 50
 50 47 48 50 52 53 55 43 35 38 35 38 36 40 38 41 40 43 41 45 43 31 43 31 36
 31
 31 31 36 31 31 31 36
 31 31 31 36 31 31 31 36 36 36 36 32 32 32 32 40 40 40 40 41 41 41 41 29 41 41 41 41 41 41 41 41 41 41 41 41 41 41 41 41
 30 30 30 30 42 42 42 42 42 42 42 42 42 42 42 42 42 42 42 42
 31 31
 44
 46 43 44 41 43 39 41 38 36 35 36 38 36 38 40 41 40 41 43 44 43 45 47 48
 44 39 41
 39 38 41 39 36 41 38 43 31 36
 39
 41 43 39
 31 33 35 31 31 33 35 31
 41 36
 41 36 43
 31 48 43 44 39 41 36
 41 36 41 36 43
 31 36
 31
 31 31 36 31 31 31 31 31 31 31 31 31 31 31 31 31 31 31 27
 29 29 29 26
 31 31 31 36
 31 31 31 36 31 31 31 36
 31 36 31 36 43 48 43 48
 31 36 80 81 76|88 76|88 76|88 76|88 76|88 76|88 76|88 76|88 76|88 76|88 76|88 76|88 78|90 79|91 79|91 79|91 79|91 79|91 79|91
 79 79 81 83 83 78|90 78|90 80|92 81|93 81|93 76|88 76|88 76|88 76|88 76|88 76|88 78|90 80|92 81|93
 78|90 78|90 80|92 81|93 81|93 76|88 76|88 76|88 76|88 76|88 76|88 78|90 80|92 81|93
 88|91
 86|90
 85|88 83|86 81|85 80|83 78|87 76|88
 88
 89
 88 91 89 81 84 88
 86 84
 89
 89 89 88 86 84 83 81 79
 81 83 84
 86 88 89
 89 89 88 86 84 83 81 79
 76|88 76|88 84
 83 83
 84 86
 84 83 83 84 84 84
 86 87 88 88 88 86
 88 89 88
 86 86 88 88 88
 90 88 87 86 88 86 85 84 84
 83 84 83
 84 86 84
 83 81 81 83 84 84 86 88
 90
 88
 87 86 83 85 86 88 86 86 85 84 84
 83 84 83
 84 86 84
 83 81 81
 83 85 85
 86 86 86 88 89 89 88 88 81 81 81 81 83 85 85 86 86 86
 86 86 86 86 88 89 89 88 88
 88 89 89 89 88 88
 80
 80
 81 83 83 84 86 86 88 89 88
 87 88 76 78 80 81 83 84 83 81 84 83 81 76 78 80 81 83 84 86 88 86 83 84 86 88 86 84 83 84 83 84 86 88 76 78 80 81 83 84 83 81 84 83 81 76 78 80 81 83 84 86 88 86 83 84 86 88 86 84 83 81
 88|91
 86|90
 85|88
 78|86 76|85 78|86 80|88 81|85 78|86 80|88 81|85 78|86 80|88 81 81
 81 81 81 81 81 81 81 81 74|83 72|81 74|83 76|84
 74|83 72|81 74|83 76|84
 83 81 83|88 84|88 84|88 84|88 83|88 83|88
 88 88 88 87 86
 72|76
 76|79
 75|83 74|78 72|81 72|76 72|76 71|76 72|76
 76 76
 76 76 76 76 76 76 76 76 76 76 78 79 79 79 79 79 79
 67|79 67|79 69|81 71|83 71|83 66|78 66|78 68|80 69|81 69|81 76 76 76 76 76 76 78 80 81
 79 79 81 83 83 78 78 80 81 81 76 76 76 76 76 76 78 80 81
 76 76|78 76|80 76|81
 76|79
 74|78 81|85 80|83 78|81 76|80
 70|76
 71 78
 76 70|76 71 80
 78 76
 70|76 71 78 76 70|76 71 80 78 76 76
 77 76 79 77 69 72
 76
 74 72
 77
 77 77 76 74 72 71 69 67
 69 71 72
 74 76 77
 77 77 76 74 72 71 69 67
 76 76 72
 71 71
 72 74
 72 71 71 72 72 72
 74 75 76 76 76 74
 76 77 76
 74 74 76 76 76
 78 76 75 74 76 74 73 72 72
 71 72 71
 72 74 72
 71 69 69 71 72 72 74 76
 78
 76
 75 74 71 73 74 76 74 74 73 72 72
 71 72 71
 72 74 72
 71 69 69
 71 73 73
 74 74 74 76 77 77 76 76 69 69 69 69 71 73 73 74 74 74
 74 74 74 74 76 77 77 76 76
 76 77 77 77 76 76
 74
 74
 76 77
 76
 75 76 64|76 66|78 68|80 69|81 71|83 72|84 71|83 69|81 72|84 71|83 69|81 64|76 66|78 68|80 69|81 71|83 72 74 76 74 71 72 74 76 74 72 71 72 71 72 74 76 64|76 66|78 68|80 69|81 71|83 72|84 71|83 69|81 72|84 71|83 69|81 76 78 80 81 83 72 74 76 74 71 72 74 76 74 72 71 69
 76
 76|78
 76|80 76|81
 76|79
 74|78 74|83 72|81 74|83 76|84
 74|83 72|81 74|83 76|84 80 78 80 81 81 81 80 80 71 71 71 72 72
 79 79 81 83 83 74 74 74 73 72
 76 76|78 76|80 76|81 72|76
 64|69
 64|76 64|76 64|76 64|76 64|76 64|76 64|76 64|76 64|76 64|76 64|76 64|76 66|78 67|79 67|79 67|79 67|79 67|79 67|79
 67|79 67|79 69|81 71|83 71|83 66|78 66|78 68|80 69|81 69|81 64|76 64|76 64|76 64|76 64|76 64|76 66|78 68|80 69|81
 67|79 67|79 69|81 71|83 71|83 66|78 66|78 68|80 69|81 69|81 64|76 64|76 64|76 64|76 64|76 64|76 66|78 68|80 69|81
 71|74 71|74 71|74 69|72
 76 73 69 73 73 62|71 61|69 59|68 61|69 62|71 64|73 66|74 68|76 71|74 69|73
 73|81 73|81 73|76 69|73 73|76 73|76 74|78
 73|76 71|74 69|73 68|71 66|75 68|76 81
 81
 81
 80 78 76 75 73 71
 73 75 76
 78 80 81
 81 81 80 78 76 75 76 70|76
 71
 78 76 70|76 71 80 78 76 70|76
 67 66 74 73 76 66|74 62|66 61|69
 68|71 69|73 71|74 72|75 73|76 70|76
 71 78
 76 70|76 71 80 78 76
 64|76 64|76
 68 68 69 71 71 72 74 74 76 77 76
 74 76 64 66 68 69 71 72 71 69 72 71 69 64 66 68 69 71 72 74 76 74 71 72 74 76 74 72 71 72 71 72 74 76 64 66 68 69 71 72 71 69 72 71 69 64 66 68 69 71 72 74 76 74 71 72 74 76 74 72 71 69
 71|74
 71|74
 71|74 69|72
 76 73 69 73 73 62|71 61|69 59|68 61|69 62|71 64|73 66|74 68|76 71|74 69|73
 73|81 73|81 73|76 69|73 73|76 73|76 74|78
 73|76 66|74 64|73 66|74 68|76 69|73 66|74 68|76 69|73 66|74 68|76 69 69
 69 69 69 69 69 69 69 69 71|74 69|72 71|74 72|76
 71|74 69|72 71|74 72|76
 68|76 68|76 68|76 69|76 69|76
 71|78 71|78 71|80 69|81 69|81
 71|74 71|74 71|74 69|72 64|69
 57|60
 60|64
 59|66 59|62 57|64 57|64 57|64 59|62 57|60
 52|64 52|64
 52|64 52|64 52|64 52|64 52|64 52|64 52|64 52|64 52|64 52|64 54|66 55|67 55|67 55|67 55|67 55|67 55|67
 55 55 57 59 59 54 54 56 57 57 52|64 52|64 52|64 52|64 52|64 52|64 54 56 57
 55 55 57 59 59 54 54 56 57 57 52|64 52|64 52|64 52|64 52|64 52 54 56 57
 59|62 59|62 59|62 57|60
 64 61 57 61 61 50|59 49|57 47|56 49|57 50|59 52|61 54|62 56|64 59|62 57|61
 61|64 61|64
 57|61 61|64 61|64 62|66 61|64 59|62 57|61 56|59 54|63 56|64 52|56 54|57 52|56 54|57 52|56 54|57 52|56 59 58 59 58 59 58 49|64 50
 62 61 64 62 54 49|57 50|59 57|61 59|62 60|63 61|64 58
 59 58 59 58|59 58|64 57|65 53|57 52|55 53|59 52|60
 65
 65
 65
 64 62 60 59 57 55
 59 62 65 64 62 60 59 57 55
 64 64 60
 59 59
 60 62
 60 59 59 60 60 60
 62 63 64 64 64 62
 64 65 64
 62 62 64 64 64
 66 64 63 62 64 62 61 60 60
 59 60 59
 60 62 60
 59 57 57 59 60 60 62 64
 66
 64
 63 62 59 61 62 64 62 62 61 60 60
 59 60 59
 60 62 60
 59 57 57
 59 61 61
 62 62 62 64 65 65 64 64 57 57 57 57 59 61 61 62 62 62
 62 62 62 62 64 65 65 64 64
 64 65 65 65 64 64
 62
 62
 64 65
 64
 63 64 52 54 56 57 59 60 59 57 60 59 57 52 54 56 57 59 60 62 64 62 59 60 62 64 62 60 59 60 59 60 62 64 52 54 56 57 59 60 59 57 60 59 57 52 54 56 57 59 60 62 64 62 59 60 62 64 62 60 59 57
 59|62
 59|62
 59|62 57|60
 64 61 57 61 61 50|59 49|57 47|56 49|57 50|59 52|61 54|62 56|64 59|62 57|61
 61|64 61|64
 57|61 61|64 61|64 62|66 61|64 54|62 52|61 54|62 56|64 57|61 54|62 56|64 57|61 54|62 56|64 45|57 45|57
 45|57 45|57 45|57 45|57 45|57 45|57 45|57 45|57 59|62 57|60 59|62 60|64
 59|62 57|60 59|62 60|64
 57|60 57|60 57|60 55|60 55|60 57|60 57|60 57|60 56|62 57|60
 59|62 59|62 59|62 57|60
 57|60
 52|64
 52|64
 69 52|64 52|64 52|64 52|64 52|64 52|64 52|64 52|64 52|64 52|64 52|64 64 66 67 67 67 67 67 67
 67 67 69 71 71 66 66 68 69 69 52|64 52|64 52|64 52|64 52|64 52|64 66 68 69
 67 67 69 71 71 66 66 68 69 69 52|64 52|64 52|64 52|64 52|64 52|64 66 68 69
 52|64 52|64 52|64 64
 59|71 52|64
 69
 69 69
 68 66 64 63 61 59
 61 63 64 64 63 64 64
 66 64 64 68 66 64 64
 66 64
 52|64 52|64 64 66
 64 64 64 68
 66 64 64 52 69 67 67 67
 64 64 67
 67
 52|64
 52|64
 52|64 64 64 64 64 64 64 64 64 64 64 64 64 64 64 64 64 66 68 69
 52|64 52|64 52|64 64
 67 67 67 67
 67 67 67 67
 64 64 66 64|67 64|67 64 64 64 59|64 64
 52|64 52|64 52|64 64
 52|64
 57|69
 76 76 57|69 57|69
 76 76 76
 76 57|69 57|69 76
 57|69 76 76
 76 57|69 76
 76 57|69 57|69 76 57|69 76 76 76 57|69
 57|69
 79
 79
 76 76
 57|69
 57|69 57|69 57|69 57|69 57|69 57|69
 57|69 57|69 57|69 57|69 57|69 57|69 57|69 57|69 57|69 57|69
 57|69 57|69 57|69 57|69
 76 76
 76 76 76 76 76 76 76 76 76 76 76 76 76 76 76 76 76 57|69
 57|69
 57|69 57|69 57|69 57|69
 57|69 57|69 57|69
 76
 76
 45 52 52 45 45
 52 52 52
 52 45 45 52
 45 52 52
 52 45 52
 52 45 45 52 45 52 52 52 45
 52
 52
 52 52
 45
 45 45 45 45 45 45
 45 45 45 45 45 45 45 45 45 45
 45 45 45 45
 52
 52 52 52 52 52 52
 52 52 52 52 52 52 52 52 52 52 52 52 52 52 52 52 52 45
 45 45 45 45
 45 45 45
 52
 52
 76 76 76 76 76 76 76 76 76 76 76 76 78 79 79 79 79 79 79
 79 79 81 83 83 78 78 80 81 81 76 76 76 76 76 76 78 80 81
 79 79 81 83 83 78 78 80 81 81 76 76 76 76 76 76 78 80 81
 84 83 83
 84 86 84 83 83 84 84 84
 72 74 75 76 76 76 74 76 77
 76 74 74 76 76 76 88 87
 86 83 85 86 88 86 86 85 84
 84
 83 84 83 84 86 84 83 81
 69 71 72 72 74 76 88 87
 86 83 85 86 88 86 86 85 84
 84
 83 84 83 84 86 84 83 81 71 72 74 72 71 69
 76
 74 71 76 73 69 73 69 64 69 64 61 73 69 64 73 66 62 71 66 62 71 66 62 69 61 69 59 62 68 69 61 69 62 66 71 73 64 73 66 69 74 76 68 76 74 68 71 69 73 81 81 73 69 76 73 67 73 67 64 76 73 67 76 73 67 66 74 76 78 74 66 64 73 76 74 71 64 64 69 73 71 68 64 66 69 75 76 71 68 76 71 68 78 71 69 78 71 69 76 71 68 76 71 68 75 69 66 71 69 66 64 68 71 68 71 76 78 71 69 78 71 69 76 71 68 76 71 68 76 70 67 64 67 70 64 68 71 76 71 68 76 70 67 64 67 70 64 68 71 76 71 68 76 70 67 64 67 69 66 71 66 66 71 74 73 69 64 62 68 71 64 69 73 74 75 76 76 70 67 64 67 70 64 68 71 76 71 68 76 70 67 64 67 70 64 68 71 76 71 68 76 70 67 64 67 69 69 77 69 69 74 76 76 72 67 65 71 74 64 72 76 72 76 79 71 74 79 71 74 79 72 76 79 72 76 79 71 74 79 71 74 79 72 76 79 72 76 79 71 74 79 71 74 79
 81 79 77 76 74 72 71 69 67 65 64 62 60 59
 64
 64 72
 69 72 76 72 69 72 64
 71 68 71 76 71 68 71 64 72 67 72 76 72 69 72 55 74 71 74 79 74 71 74 67 67 64 67 72 64 60 66 66 69 66 69 74 69 64 71 64 72 69 72 76 72 69 72 64 71 64 71 76 71 64 74 64|72 64 59 64 71 64 60 66 66 66 62 66 69 62 59 64 64 72 69 72 76 72 69 72 64 71 64 71 76 71 64 74 64|73 73 67 73 76 73 67 76 77 65 62 65 71 65 62 74 64|73 73 67 73 76 73 67 76 77 65 62 65 71 65 62 74 73 65 62 65 71 65 62 68 69
 69
 71 72 72 71 71 73 74 72 71 69 67
 69 71 69 67 69 67 66 64 66 67 69 71 73 75 76 76 69 71 73 74 71 76 74 72 71 72 74 76 64 66 68 69
 78
 76 83 76 83 81 83
 84 81 80
 80 81 83 81
 78 79 81 79 67 72
 72 74 76
 76 71 72 74 72 71 74 72 71 69 71 72 74 76 78 80 81 67 69 70 69 67 70 69 67 65 67 69 70 72
 81
 79 79 77 77 77 74 76 77 74 71 72 74 71 68 69 71 68 69 71 72 74 76 77 80 81 83 84 85 86 88 88 88 88 88 88 88 76|88
 76|88
 76|88 76|88 76|88 76|88 76|88 76|88 76|88 76|88 76|88 76|88 76|88 76|88 76|88 76|88 78 80 81
 74
 71 72 74 76 74 72 71 69
 76
 74 71 76 73 69 73 69 64 69 64 61 73 69 64 73 66 62 71 66 62 71 66 62 69 61 69 59 62 68 69 61 69 62 66 71 73 64 73 66 69 74 76 68 76 74 68 71 69 73 81 81 73 69 76 73 67 73 67 64 76 73 67 76 73 67 66 74 76 78 74 66 64 73 76 74 69 66 64 67 73 74 69 66 64 71 76 73 69 64 73 69 64 74 69 66 76 71 64 73 69 64 73 69 64 74 69 66 76 71 76 69
 62|71
 74|83 76|84
 68 66
 68 69 62|71 74|83 76|84 68 66 68
 69 64 64 69 64 64 62 60 62 64
 60 71 64 69 60 62 60 62 62
 62 60
 62 62 62 60
 60 76 78 80 81
 64 64 64 64 64 64 64 64 64 64 64 64 66 67 67 67 67 67 67
 67 67 69 71 71 66 66 68 69 69 64 64 64 64 64 64 66 68 69
 67 67 69 71 71 66 66 68 69 69 64 64 64 64 64 64 66 68 69
 72 71 71
 72 74 72 71 71 72 72 72
 72 74 75 76 76 76 74 76 77
 76 74 74 76 76 76
 75 74 71 73 74 76 74 74 73 72
 72
 71 72 71 72 74 72 71 69
 69 71 72 72 74 76
 75 74 71 73 74 76 74 74 73 72
 72
 71 72 71 72 74 72 71 69
 69
 72 64 71 74 64 71 74 68 72 76 69 69 72 60 72 76 64 71 74 67 72 76 67 72 76 64 75 83 71 71 74 62 73 81 69 72 76 64 71 76 64 71 76 64 72 76 64 72 76 64 75 83 71 71 74 62 73 81 69 72 76 64 71 76 64 71 76 64|74 64|72
 59
 60 62 60 59 57
 59
 57 56 57 57 55 57 59 59 57
 55|67 55|67 55|67
 57|67 57|66
 57 57 59 61 61 56 59 59 57 56 59|68 69
 59|68 69 59|68 69 59|68 56 55 56 55 56 55 67 66
 66 62 66 61 64 64 62 61 61 62
 63 64 55
 56 55 56 55
 67 69
 57 65 69 64 67 67 59 60 55|64 65
 64 55|65 64 65
 69
 67 65 64 62 60 59 57 67 65 64 62 60 59
 59
 59
 57
 57 57 56 56 59|68 59|68 59|68 60|69 60|69 55 55 57|69 60|64 60|64 59|62 59|62 59|62 60|64
 60|64 60|64 60|66 59|66 59|66|71 57|62 57|62 59|64 57|64 57|64|69 60|69 60|69 57 56 60|69 57 59|68 69 71 60|64
 59|64 59|64 60|66 59|66 59|66|71 57|62 57|62 59|64 57|64 57|64|69 60|69 60|69 57 56 60|69 57 59|68 69 71 61|64
 61|64 61|64 61|64 62|65 62|65 62|65 62|65 61|64 61|64 61|64 61|64 62|65 62|65 62|65 62|65 62|65 62|65 61|64 61|64
 62|65 74 72
 74 76 74 72 74 72 71 69 71 72 74 76 78 80 81 80 76 78 80 81 83 81 79 78 78 79 81 83 71 73 75 76
 76
 78 79 79 78 78 80 81 77 76 74 72 76 69 76 74 76 78 76 75
 75 76 78 79
 73 74 76 74
 71 72 74 76 77 79 77 76 77 76 74 72 74 76 77 79 81 83 84 78
 78
 80 81 81
 79 79 77 77 79
 67 64 62 61 64 69 67 65 67 69 71 73 74 76 77 77 56|65 56|65 56|65 56|65 56|65 56|65 56|65 56|65 56|65 56|65 56|65 56|65 56|65 56|65 56|65 56|65 56|65 56|65 56|65 56|65 56|65 56|65 56|65 56|65 71 71 71 71 71 76 74 64|72
 64|72
 64|72 64|71 64|71 71|80 71|80 71|80 72|81 72|81 72|81 72|81 72|81 74|83 72|81 71|80 69|78 71|80 72|81
 62
 59 61 62 64 62 61 59 57
 59
 57
 56 57 57 55 57 59 59 57
 55|67 55|67 55|67
 57|67 57|66
 57 57 55 57 59 57
 55 57 59 57 55 57 59 61
 62 61 62 62 62
 71 79
 64|72|76 62 62
 62 60 62|71 62 71 79 64|72|76 62 62 62
 57 64 64 57 60 60 59 57 59 60
 60 59 64 57 57 59 57 59 59
 59 57
 59 59 59 57
 64 66 68 57|69
 52 52 52 52 52 52 52 52 52 52 52 52 50|54 52|55 52|55 50|55 48|55 50|55 52|55
 55 55 57 59 59 54 54 56 57 57 52 52 52 52 52 52 52|54 52|56 52|57
 55 55 57 59 59 54 54 56 57 57 52 52 52 52 52 52 52|54 52|56 52|57
 60 59 59
 60 62 60 59 59 60 60 60
 60 62 63 64 64 64 62 64 65
 64 62 62 64 64 64
 63 62 59 61 62 64 62 62 61 60
 60
 59 60 59 60 62 60 59 57
 57 59 60 60 62 64
 63 62 59 61 62 64 62 62 61 60
 60
 59 60 59 60 62 60 59 57
 57
 60 52 56 59 52 56 59 52 57 60 52 57 60 48 55 60 48 59 62 55 55 60 48 60 64 52 66 71 59 59 62 50 64 69 57 57 64 52 59 64 52 59 64 52 60 64 57 60 64 52 66 71 59 59 62 50 64 69 57 57 64 52 59 64 52 59 64 52 60 64 57
 57
 60 52
 56 59 52 56 59 52 57 60 52 57 60 48 55 60 48|55 59 62 55 55 60 48 55 60 48 59 71 59 59 62 50 57 69 57 57 60 52 56 59 52|57 56 59 52 57 69 57 57 59 60 55 60 48 59 71 59 59 62 50 57 69 57 57 60 52 56 59 52|57 56 64 52 52 64 57
 49|52
 50|54
 49|52
 61 59|62
 57|61 49|52 50|54 52 54 56 56 52 52 52 49
 50
 52 54 56 57 52 52 56 57 54 52 64 66
 64 66 64 66 64 52
 52 55 54
 54 50 54 49 52 52 50 49 57 59
 60 61 52
 52
 55 57 57 53 57 52 55 55 53
 62
 60 62 60 62
 59
 57 55 53 52 50 60 59 57 55 53 52 50 48
 52
 52
 59
 56 59 64 59 56 59 52
 60 57 60 64 60 57 60 52 64 60 64 67 64 60 64 55 64 60 64 67 64 60 64 55 66 63 66 71 66 63 66 57 61 57 61 64 60 57 60 52 59 56 59 64 60 57 60 52 60 57 60 64 60 57 60 52 66 63 66 71 66 63 66 57 61 57 61 64 60 57 60 52 59 56 59 64 60 57 60 52 64 61 64 67 64 61 64 55 53 50 53 57 53 50 62 56 64 61 64 67 64 61 64 55 53 50 53 57 53 50 62 56 64 61 64 67 64 61 55 56
 60 62 64 62 60 62 60 59 57 59 60 62 64 66 68 69 68 64 66 68 69 71 69 67 66 66 67 69 71 59 61 63 64
 64
 66 67 67 66 66 68 69 65 64 62 61
 61 62 64 57 57 59 61 62 60 58 57 59 59 60 62 55 55 57 59 60
 64
 62 62 60 72
 58 60 62 60 58 62 60 58 57 58 60 62 64 65 67 69 59
 59
 61 62 62 59|62 59|62 59|62 59|62 59|62 59|62 59|62 59|62 59|62 59|62 59|62 59|62 59|62 59|62 59|62 59|62 59|62 59|62 59|62 59|62 59|62 59|62 59|62 59|62 59|62 59 59 59 59 59 64 62 52|60
 52|60
 52|60 52|59 52|59 52|59 52|59 52|59 52|60 52|60 52|60 52|60 52|60 52|62 52|60 52|59 52|57 52|59 52|60
 49|52
 50|54
 49|52 61 59|62 57|61 49|52 50|54 52 54 56 56 52 52 52 49
 50
 52 54 52 54 56 52 54 56 52 54 56 52 57 55 53 55 55|67 48|60 59 59
 59 57 55 55|67 48|60 59 59 59
 57 52 52 57 57 55 55 55 55 55
 60 59 64 57 52 52 52 52 52
 52 52
 52 52 52 52 54 56 57
 57
 48 48 48 47 47 47 47 47 48 48 48 48 48 48 48 47 45 47 48
 52 52 52 51 51 50 50 50 49 48 48 48 48 47 48 47 47 47 48
 52 52 52 51 51 50 50 50 49 48 48 48 48 47 48 47 47 47 48
 60 59 59
 60 62 60 59 59 60 60 60
 60 62 63 64 64 64 62 64 65
 64 62 62 64 64 64
 63 62 59 61 62 64 62 62 61 60
 60
 59 60 59 60 62 60 59 57
 57 59 60 60 62 64
 63 62 59 61 62 64 62 62 61 60
 60
 59 60 59 60 62 60 59 57
 57
 60 52 56 59 52 56 59 52 57 60 52 57 60 48 55 60 48 59 62 55 55 60 48 60 64 52 54 59 47 59 62 50 52 57 45 57 64 52 59 64 52 59 64 52 60 64 57 60 64 52 54 59 47 59 62 50 52 57 45 57 64 52 59 64 52 59 64 52 60 64 57 45
 57 60 45 44 56 59 44 40 56 59 40 45 57 60 45 45 57 60 45 43 57 60 43 43 59 62 43 36 55 60 36 36 55 60 36 47 47 59 47 47 59 62 47 45 45 57 45 45 57 60 45 44 56 59 45 40 56 59 40 45 45 57 45 45 47 48 55 60 36
 47 47 59 47 47 59 62 47 45 45 57 45 45 57 60 45 44 56 59 45 40 56 64 52 52 52 45
 40 42
 44 45 57 57 45 57 57 45 57 57 45 57 57 45 57 57 45 57 57 45 57 57 45 57 57 45 57 57 45 57 57 45 57 57 45 57 57 42 44 45 45 47 59 59 52 64 64 52 64 64 52 64 64 52 64 64 52 64 64 52 64 64 52 64 64 49 61 61 50 62 62 49 61 61 50 62 62 49 61 61 50 62 62 52 64 64 45 57 57 49 61 61 50 62 62 49 61 61 50 62 62 49 48 48 41 53 53 43 55 55 48 60 60 48 60 60 48 60 60 48 60 60 48 60 60 48 60 60
 60
 59 57 55 53 52 50 48 47 45 44
 44
 40
 40 40 40 40 40 40 40 40 40 40 40 42 43 43 43 43 43 43
 43 43 45 47 47 42 42 44 45 45 40 40 40 40 40 40 42 44 45
 43 43 45 47 47 42 42 44 45 45 40 40 40 40 40 40 42 44 45
 45 45 45 45 45 45 45 45 45 45 45 45 45 45 45 45 45 45 45
 45 45 45 45
 57
 57 59 60 60 59 59 61 62 60 59 57 55
 57 59 57 55 57 55 54 52 54 55 57 59 61 63 64 64 57 59 61 62 59 64 62 60 59 60 62 64 52 54 56 57
 55 54 52 54 54 55 57 50 50 52 54 55 53 52 50
 48 55 48 60
 62 62 64 65 65 53
 52 55 53 52 55 53 52 50 52 53 55 57 59 61 62 62 50 50 50 50 50 50 50 50 50 50 50 50 50 50 50 50 50 50 50 50 50 50 50 50 50 50 50 50 50 48 47 45
 45
 45 44 44 40 40 40 45 45 45 45 45 44 45 40 52 52 45
 40 42 44 45 57 57 45 57 57 45 57 57 45 57 57 45 57 57 45 57 57 45 57 57 45 57 57 45 57 57 45 57 57 45 57 57 45 57 57 45 57 57 45 57 57 45 57 57 45 57 57 45 57 57 45 57 57 57
 53 52 50 43 55 48 52 52 52 45 43 55 48 52 52 52
 45 52 52 57 57 55 43 43 43 48
 60 59 64 57 57 56 57 40 42
 44 45
 40 42 44 45
 45 45
 33 33 33 32 32 28 28 28 33 33 33 33 33 31 31 31 31 31 36
 36 36 36 35 35 35 35 35 33 33 33 33 33 32 33 28 28 28 33
 36 36 36 35 35 35 35 35 33 33 33 33 33 32 33 28 28 28 33
 33 33 32 44
 28 28 33 45 33 33 31 43 43 43 36 48 36 36 35 47 40 40 33 45 33 33 32 33 28 28 33 45 36 36 35 47 40 40 33 45 33 33 32 33 28 28 33 45 33
 45 32 44 28 40 33 45 33 45 31 43 31 43 36 48 36 48 35 47 35 47 33 45 33 45 32 33 28 40 33 45 36 48 35 47 35 47 33 45 33 45 32 33 28 40 33 45 33 33
 45 32 32 44 28 28 40 33 33 45 33 33 45 31 31 43 31 31 43 36 36 48 36 36 48 35 35 47 35 35 47 33 33 45 33 33 45 32 33 45 28 28 40 33 33 35 36 36 48 35 35 47 35 35 47 33 33 45 33 33 45 32 33 45 28 28 40 33
 28
 30
 32 33 45 45 33 45 45 33 45 45 33 45 45 33 45 45 33 45 45 33 45 45 33 45 45 33 45 45 33 45 45 33 45 45 33 45 45 30 32 33 33 35 47 47 40 52 52 40 52 52 40 52 52 40 52 52 40 52 52 40 52 52 40 52 52 37 49 49 38 50 50 37 49 49 38 50 50 37 49 49 38 50 50 40 52 52 33 45 45 37 49 49 38 50 50 37 49 49 38 50 50 37 36 36 29 41 41 31 43 43 36 48 48 36 48 48 36 48 48 36 48 48 36 48 48 36 48 48
 48
 47 45 43 41 40 38 36 35 33 32
 32
 28
 28 28 28 28 28 28 28 28 28 28 28 30 31 31 31 31 31 31
 31 31 33 35 35 30 30 32 33 33 28 28 28 28 28 28 30 32 33
 31 31 33 35 35 30 30 32 33 33 28 28 28 28 28 28 30 32 33
 33 33 33 33 33 33 33 33 33 33 33 33 33 33 33 33 33 33 33
 33 33 33 33
 45
 45 47 48 48 47 47 49 50 48 47 45 43
 45 47 45 43 45 43 42 40 42 43 45 47 49 51 52 52 45 47 49 50 47 52 50 48 47 48 50 52 40 42 44 45
 43 42 40 42 42 43 45 38 38 40 42 43 41 40 38
 36 43 36 48
 50 50 52 53 53 41
 40 43 41 40 43 41 40 38 40 41 43 45 47 49 50 50 38 38 38 38 38 38 38 38 38 38 38 38 38 38 38 38 38 38 38 38 38 38 38 38 38 38 38 38 38 36 35 33
 33
 33 32 32 28 28 28 33 33 33 33 33 32 33 28 40 40 33
 28 30 32 33 45 45 33 45 45 33 45 45 33 45 45 33 45 45 33 45 45 33 45 45 33 45 45 33 45 45 33 45 45 33 45 45 33 45 45 33 45 45 33 45 45 33 45 45 33 45 45 33 45 45 33 45 45 45
 41 40 38 31 43 36 40 40 40 33 31 43 36 40 40 40
 33 40 40 45 45 43 31 31 31 36
 48 47 52 45 45 44 45 28 30
 32 33
 28 30 32 33
 33 62|66 50 50|64|67 66|69 50 45|66|69 64|67 45 45|62|66 57|64 45 50|54|62 54|62 57|64 50|62|66 45|62|66
 57|64 45|57|64
 50|62|66 62|66 50 50|64|67 66|69 50 45|66|69 64|67 45 45|62|66 57|64 45 50|54|62 54|62 57|64 50|62|66 45|57|64
 54|62 50|54|62
 45|61|64 61|64 45 45|62|66 50|57|62 45|61|64 62|66 45|64|67 45|62|66 50|57|62 45|61|64 62|66 45|64|67 46|61|66 54|61|64 47|59|62 52|56|64 45|52|57 62|66 50 62|66 50 50|64|67 66|69 50 45|66|69 64|67 45 45|62|66 57|64 45 50|54|62 54|62 57|64 50|62|66 45|57|64
 54|62 50|54|62
 45|61|64 61|64 45 45|62|66 50|57|62 45|61|64 62|66 45|64|67 45|62|66 50|57|62 45|61|64 62|66 45|64|67 46|61|66 54|61|64 47|59|62 52|56|64 45|52|57 62|66 50 62|66 50 50|64|67 66|69 50 45|66|69 64|67 45 45|62|66 57|64 45 50|54|62 54|62 57|64 50|62|66 45|57|64
 54|62 50|54|6250|57 62 65 57 62 65 57 62 65 57 62 65 48|57 62 65 57 62 65 57 62 65 57 62 65 46|58 62 65 58 62 65 43|58 63 67 58 63 67 45|57 61 67 57 62 65 45|57 62 64 55 61 64 38|53 57 62 53 57 62 53 57 62 38|57 62 65
 57
 49|57 64 67 57 64 67 57 64 67 49|57 64 67
 57
 38|57 62 65 57 62 65 43|58 62 67 58 62 67 48|57 60 65 57 60 65 48|55 58 64 48|60 64 70 41|53 65 69 60 65 69 41|57 60 65 57 60 65 41|56 60 65 56 60 65 56 60 65 53|56 62 65
 56
 51|56 60 66 56 60 66 56 60 66 51|56 60 66
 56
 49|56 61 65 48|56 61 65 47|56 62 65 47|55 62 65 48|55 60 63 55 60 63 41|56 60 62 44|53 60 62 43|55 60 63 55 60 63 43|55 59 62 55 59 62 48 60 63 60 63 67 60 64 67 48|60 64 67 48|61 65 68 53|61 65 68 56|61 65 68 53|59 65 68 48|60 64 67 60 64 67 60 64 67 48|60 64 67 48|61 65 68 53|61 65 68 56|61 65 68 53|59 65 68 48|60 64 67 60 64 67 45|60 63 66 60 63 66 42|60 62 69 60 62 69 43|58 62 67 58 62 67 48|56 60 63 56 60 63 49|55 58 64 55 58 64 38|50 55 58 50 55 58 38|50 55 57 50 54 57 43|55 58 62 58 62 67 62 67 70 55|62 67 70
 62
 54|62 69 72 62 69 72 62 69 72 54|62 69 72
 62
 55|62 67 70 62 67 70 52|61 67 70 50|62 67 70 49|64 67 69 64 67 69 64 67 69 49|64 67 69 50|65 69 74 65 69 74 43|64 67 70 44|62 65 71 45|73 61 64 69 61 64 70 61 64 67 61 64 45 61 64 57 61 64 58 61 64 55 61 64 45 65 69 74 65 69 77 65 69 74 65 69 45 53 57 62 53 57 65 53 57 62 53 57 45|52 58 55 61 58 64 45|61 67 64 70 67 73 45|53 62 57 65 62 69 45|65 74 69 77 74 69 45|62 68 65 71 68 74 45|71 77 74 80 77 83 45|55 61 58 64 61 67 45|64 70 67 73 70 76 73 67 70 64 67 61 64 58 61 55 58 52 55 49 52 46 49 43 52 55 58 50 55 58 45|49 55 57 58 57 55 52 55 58 50 55 58 45|49 55 57 58 57 55 51 55 58 50 55 58 45|49 55 57 58 57 55 46|53 50 62 50 53 62 43|52 58 62 52 58 62 45|52 57 61 52 57 61 38|53 57 62 57 62 65 57 62 65 38|57|57 62 65
 57
 49|57 64 67 57 64 67 57 64 67 49|57|57 64 67
 57
 38|57 62 65 57 62 65 58 62 67 43|58 62 67 48|57 60 65 57 60 65 48|55 58 64 48|60 64 70 41|53 65 69 60 65 69 60 65 69 53|60 65 69
 57
 52|60 67 70 60 67 70 60 67 70 52|60|60 67 70
 60
 53|60 65 69 60 65 69 52|61 67 69 50|62 65 69 49|64 67 69 64 67 69 50|65 69 74 65 69 74 43|63 67 70 63 67 70 45|61 67 69 61 67 69 50|62 65 69 62 65 69 62 66 69 50|62 66 69 50|63 67 70 55|63 67 70 58|63 67 70 55|61 67 70 50 66 69 62 66 69 62 66 69 50|62 66 69 50|63 67 70 55|63 67 70 58|63 67 70 55|61 67 70 50|62 66 69 62 66 69 43|62 67 70 62 67 70 52|60 67 70 60 67 70 60 67 70 53|60 65 69 50|58 65 69 52|58 64 67 49|57 64 67 50|57 62 65 46|55 62 64 55 62 64 45|57 62 64 43|58 62 64 45|57 62 65 57 62 65 45|57 61 64 57 61 64
 57
 38|50 57 65 57 62 65 57 62 65 45|57 62 65
 45|57
 49 64 67 57 64 67 57 64 67 45|57 64 67
 45|57
 38|50 65 62 69 65 74 69 77 74 50|81 77 74
 50
 45|73 76 70 73 67 70 64 67 62 45|58|61 57 55
 45
 38|50 65 62 69 65 74 69 77 74 50|81 77 74
 50
 45|73 76 70 73 67 70 64 67 62 45|58|61 57 55
 45
 38|53|62 57 62 65 62 57 50 53 57 62 57 53 45 50 53 57 53 50 45 50 45 41 45 41 38
 38|53|57|62 38|53|57|6266|74 69 74 78 74 78 81 81 78 74 78 74 69 74 69 66 69 66 62
 69 81
 78 74 73 69 79 76 73 74
 74 74 74
 73
 71 71 69 67 66 66 64 62 61 62 66 69 67 66 64 62 61 62 64 66 67 69 71 73 74 69 73 76 74 73 71 69 68 69 71 73 74 76 78 79 76 74 78 81 79 78 76 74 73 74 76 78 79 81 83 84 85 86 86 85 86 85 86 88 86 85 86 88 86 85 86 88 86 85
 57
 67 66 67 69 67 66 67 79
 66 74 73 74 76 74 73 74 78 57 67 66 67 69 67 66 67 79
 78 76 74 73 71 69 67 66 64 62 61 62
 62
 69|78
 77 78 79 78 77 78 86 86 85 86 88 86 85 86 76 76
 78
 80 81 83 85 86
 85 83 81 80 78 76 74 73 71 69 68 66 64 62
 62 61 73
 73 75 75 75 76 86
 85
 83 81 80 78 76 74
 73 71 69 68 66 64 62
 62 61
 63 64
 66 68 69 71 73 75 76 78 80 81 83 85 87 88
 62 78
 74 78 76 74 73 76 74 73 71 74 73 71 69 73 71 69 68 66 64 66 68 71
 69
 81
 78 80 77 78 75 76 73 74
 70 71 66 59 66
 71 74 78
 74
 78 76 74 73 72 73 76 74 73 71 70 71 74 73 71 69 68 69 73 71 69 68 66 64 62 66 64 62 61 59 57
 69
 69
 81
 83
 81
 80 81 83
 81 81 79 78 79 77
 78
 76
 76
 88
 88 86 85 83 85 76 88 88 86 84 83 84 72 84 84 82 81 79 81 60 72 72 70 69 67 69 57
 62 62 55 60 72 70 69 67 65
 84 82 81 79 77
 77 76 74 72 71 74 72 71 69 68
 59 62 68
 61 64 70
 66 64 62 61 59 70 71 73 74 78 74 74
 73 71 69 68 66 64
 78 76 74 73 71 69 68 80
 81 80 81 80 81 80 81 80 81 80 81 80 81 80 81 80 81 80 81 80 81 80 81 80 81 80 81 80 81 80 81 80 78
 81
 80
 80
 69|81
 76 78 74
 56
 64|71
 64
 57 64|73 69 74 69|76 62 69|78 64 74|80
 81
 80
 78 76 75 76 78 76 74 73 71 69 68
 69
 68 66 64 63 64 66 64 62 61 59 57 56
 74
 73 71 69 68 66 64 62 61 62 64 66 68 69 71 73 74 76 78 80 81 83 85 86 88
 89 90 93 76
 64
 74|80 57|64 73|81
 57
 66|74 69
 74 78
 74 78 81 81 78 74 78 74 69 74 69 66 69 66 62
 69 81
 78 74 73 69 79 76 73 74
 74 74 74
 73
 71 71 69 67 66 66 64 62 61 62 66 69 67 66 64 62 61 62 64 66 67 69 71 73 74 69 73 76 74 73 71 69 68 69 71 73 74 76 78 79 76 74 78 81 79 78 76 74 73 74 76 78 79 81 83 84 85 86 86 85 86 85 86 88 86 85 86 88 86 85 86 88 86 85
 57
 67 66 67 69 67 66 67 79
 66 74 73 74 76 74 73 74 78 57 67 66 67 69 67 66 67 79
 78 76 74 73 71 69 67 66 64 62 61 62
 62
 69|78
 77 78 79 78 77 78 86 86 85 86 88 86 85 86 76 76
 78
 80 81 83 85 86
 85 83 81 80 78 76 74 73 71 69 68 66 64 62
 62 61 73
 73 75 75 75 76 86
 85
 83 81 80 78 76 74
 73 71 69 68 66 64 62
 62 61
 63 64
 66 68 69 71 73 75 76 78 80 81 83 85 87 88
 62 78
 74 78 76 74 73 76 74 73 71 74 73 71 69 73 71 69 68 66 64 66 68 71
 69
 81
 78 80 77 78 75 76 73 74
 70 71 66 59 66
 71 74 78
 74
 78 76 74 73 72 73 76 74 73 71 70 71 74 73 71 69 68 69 73 71 69 68 66 64 62 66 64 62 61 59 57
 69
 69
 81
 83
 81
 80 81 83
 81 81 79 78 79 77
 78
 76
 76
 88
 88 86 85 83 85 76 88 88 86 84 83 84 72 84 84 82 81 79 81 60 72 72 70 69 67 69 57
 62 62 55 60 72 70 69 67 65
 84 82 81 79 77
 77 76 74 72 71 74 72 71 69 68
 59 62 68
 61 64 70
 66 64 62 61 59 70 71 73 74 78 74 74
 73 71 69 68 66 64
 78 76 74 73 71 69 68 80
 81 80 81 80 81 80 81 80 81 80 81 80 81 80 81 80 81 80 81 80 81 80 81 80 81 80 81 80 81 80 81 80 78
 81
 80
 80
 69|81
 76 78 74
 56
 64|71
 64
 57 64|73 69 74 69|76 62 69|78 64 74|80
 81
 80
 78 76 75 76 78 76 74 73 71 69 68
 69
 68 66 64 63 64 66 64 62 61 59 57 56
 74
 73 71 69 68 66 64 62 61 62 64 66 68 69 71 73 74 76 78 80 81 83 85 86 88
 89 90 93 76
 64
 74|80 57|64 73|81
 77 72 74 70 55
 64|70
 64
 70|82 76 72
 84 81
 77
 72 60|69 70
 82 79 76 70 69 57|67 65 81 77 74 69 65|75 74 74 70 67 62 60|62 58 74 70 67 65 74 73 74
 74 73
 73 76 74 73 71 69 68 69 61 64 62 61 59 57 56 57 64 61 69 64 73 69 76 73 81 76 73 69 76 73 69 74 77 81 79 77 76 74 73 74 65 69 67 65 64 62 61 62 69 65 74 69 77 74 81 81 81 78 75 69 69 66 63 64 67 71 69 67 66 64 63 64 76 79 78 76 75 76 78 79 79 83 81 79 78 79 81 82 83 81 79 78 76 74 73
 57
 66|74
 69
 74 78
 74 78 81 81 78 74 78 74 69 74 69 66 69 66 62
 69 81
 78 74 73 69 79 76 73 74
 74 74 74
 73
 71 71 69 67 66 66 64 62 61 62 66 69 67 66 64 62 61 62 64 66 67 69 71 73 74 69 73 76 74 73 71 69 68 69 71 73 74 76 78 79 76 75 78 81 79 78 76 75 73 71 73 75 76 78 79 81 78 76 78 79 81 83 85 86 87 88
 86 85 83 81 80
 78 76 74 73 71 69 68 66 64 62 61 59 57
 57 56
 68 69 81
 80 78 76 74 73 71 69
 68 66 64 62 61 59 57
 67 65 62 65 62 65 62 65 62 65 62 65 62 65 62 61 62 61
 57 59 61 62 64 66 68 69 71 73 74 76 78 80 81
 71 83
 79 83 81 79 78 81 79 78 76 79 78 76 74 78 76 74 73 71 69 71 73 76
 74
 74
 71 73 70 71 68 69 66 67
 63 64 59 64 71
 76 79 83
 79
 83 81 79 78 77 78 81 79 78 76 75 76 79 78 76 74 73 74 78 76 74 73 71 69 67 71 69 67 66 64 62
 74
 74
 86
 88
 86
 85 86 88
 86 86 84 83 84 82
 83
 69
 69
 81
 81 79 78 76 78 69 81 81 79 77 76 77 65 77 77 75 74 72 74 65 77 77 75 74 72 74 62
 67 67 60 65
 63 62 60 62
 77 75 74 72 70
 82 81 79 77 76 79 77 76 74 73
 55 61 64 67
 57 60 66 69
 71 69 67 66 64 69 67 66 67 71 67 67
 66 64 62 61 59 57
 83 81 79 78 76 74 73 85
 86 85 86 85 86 85 86 85 86 85 86 85 86 85 86 85 86 85 86 85 86 85 86 85 86 85 86 85 86 85 86 85 86
 83
 85
 85
 86
 81 83 79
 61|64 69|76
 69
 62 69|78 74 64 73|79 66 74|81 67 74|83 69 79|85
 86
 85
 83 81 80 81 83 81 79 78 76 74 73
 74
 73 71 69 68 69 71 69 67 66 64 62 61
 79
 78 76 74 73 71 69 67 66 67 69 71 73 74 76 78 79
 80 81 82 83 86 69
 69
 76|85 62 78|86
 38|42|45|50
 45|57
 50|62 54|66
 50|62 54|66 57|69 57|69 54|66 50|62 54|66 50|62 45|57 50|62 45|57 42|54 45|57 42|54 38|45|50
 54 57 55 54 52 50 49 42|45|50|50 52 54 55 57 59 61 62 40|45|49|57 61 64 62 61 59 57 56 43|45|52|57 59 61 62 64 66 67 64 42|45|50|62 66 69 67 66 64 62 61 48|50|57|62 64 66 67 69 71 72 73 47|50|55|74 76 78 79 43|50|52|80 81 82 83 45|50|54|83 81 79 78 45|52|55|78 76 74 73 50|54|74
 69
 81
 54|57
 78 74 69 66 62 62
 62
 61
 62 64 52|57|62 61 69
 79
 55|57
 76 73 67 64 61 61
 61 54|57|64 62
 74
 86
 60|62 81 78 74 69 66 66
 66 59|62|67
 69
 67 66 67
 69 71 72 74 76 78 79 58|62|80
 81 80 81 80 81 80 81 80 81 80 81 80 81 80 81 80 81 80 78
 79
 45|81
 57 56 57 59 57 56 57 45
 79 88 85 79 76 85 79 76 73 79 76 73 67 76 73 67 64 73 67 64 33|66|74 45 44 45 47 45 44 45 33
 78 86 81 78 74 81 78 74 69 78 74 69 66 74 69 66 62 69 66 62 45|61|64|67 57 56 57 59 57 56 57 45
 83 82 83 82 33|45|83 85 83 82 83 81 79 78 76 74 73 71 69 67 66 64 38|50|62
 54|66 57|69 55|67 54|66 52|64 50|62 49|61 50|62 52|64 54|66 55|67 57|69 59|71 61|73 62|74 59|71 62|74 66|78 64|76 62|74 61|73 59|71 58|70 59|71 61|73 62|74 64|76 66|78 68|80 70|82 71|83 68|80 71|83 74|86 73|85 71|83 69|81 68|80 66|78 64|76 63|75 62|74 61|73 59|71 57|69 56|68 54|66 40|64 52 51|56|59|64 52 50 52 51|56|59|64 52 47 52 51|59|62|64 52 44 52 51|59|62|64 52 45|57|61|64 52 49|81 52 45 52|80
 78 49|76 74 52|73 71 42|69 52|68 66 45|64 63 52|61 59 42|57 52 45|57 52 40|56 52 51|56|59|64 52 50 52 51|56|59|64 52 47 52 51|59|62|64 52 44 52 51|59|62|64 52 45|57|61|64 52 49|81 52 45 52|80
 78 49|76 74 52|73 71 42|69 52|68 66 45|64 63 52|61 59 42|57 52 45|57 52 40|56
 40|52 42|54 44|56 45|57 47|59 49|61 51|63 52|64 54|66 56|68 57|69 59|71 61|73 63|75 64|76 66|78 68|80 69|81 71|83 73|85 75|87 76|88
 85 88 86 85 83 86 85 83 81 85 83 81 80 83 81 73|80 78 74|77 78 70|80 78 71|76
 74 38|42|47|50|54|59|62|66
 40|52|56|62
 40|52|56|62 40|52|56|62 33|45|52|56|62 57|61 76
 81 85 88
 85
 88 86 85 83 82 83 86 85 83 81 80 81 85 83 81 80 79 80 83
 81 80 78 78 80 78 78 80 78 78 80 78 76
 74
 59|71
 56|68 57|69 54|66 56|68 53|65 54|66 50|62 52|64 57|69
 61|73 64|76 56|68 61|73 64|76 57|69 61|73 64|76 52|64 61|73 64|76 55|67 61|73 64|76 54|66 61|73 64|76 55|67 61|73 64|76 52|64 61|73 64|76 54|66 57|69 62|74 53|65 57|69 62|74 54|66 57|69 62|74 50|62 57|69 62|74 52|64 55|67 57|69 51|63 55|67 57|69 52|64 55|67 57|69 49|61 55|67 57|69 50|62 54|66 57|69 49|61 54|66 57|69 50|62 54|66 57|69 45|57 54|66 57|69 49|61 52|64 57|69 48|60 52|64 57|69 49|61 52|64 57|69 45|57 52|64 57|69 47|59 50|62 52|64 46|58 50|62 52|64 47|59 50|62 52|64 44|56 50|62 52|64
 64
 45|76 49 52 44 49 52 45 49 52 40|74
 73
 49
 71 52 69 47|64 50 52 46 50 52 47 50 52 44 50 52
 76
 45|88 48 52 44 48 52 45 48 52 40|86
 84
 48
 83 52 81 43|82 46 48 42 46 48 43 46 48 40 46 48
 72
 41|84 45 48 40 45 48 41 45 48 36|82
 81
 45
 79 48 77 43|72 46 84 48 42|84 46 84 48 43|84 46 84 48 40|84 46 84 48 41|45|48|53|84
 84 82 81 79
 53|77 46 77 76 74 72 46|70 48 70 69 67 65 46|64 45|65 69 46|62 67 48|60 65 48|58 64 41|57
 53|57
 50|65 50|65 47|62 59|62 59|62 74 72 71 69 59|62|68 59|62 74 73 71 69 68 47|50|56|78 76 49|52|58 76 74 73 71 70 49|52|58|79 78 50|54|59 78 76 74 73 71 82 83 77 78 85 86 82 83 86 83 64|83
 84 83
 68
 84 83
 71 84 83 69
 84 83 84
 68 83 84 66 83 84 64
 83 84 83
 63
 84 83
 64
 84 83 84
 71 83 84 74 83 84 83
 73 84 83 71
 84 83 84
 69
 83 84 83
 68
 84 83 66
 84 83 84
 64
 83 84 83
 63
 84 83 84
 62
 83 84 61
 83 84 83
 59
 84 83 84
 57 83 84 56
 83 84 83
 54
 84 83 52
 84 83 84 50 83 84 49
 83 84 83
 47 84 83 45
 84 83 44
 84 83 84
 42
 83 84 40
 83
 81
 84 83 33|45|69|81
 37|45|49|57|64|69 38|45|50|57|66|69 42|50|54|57|62|69 44|50|52|56|59|62|71
 44|50|52|56|59|62|64
 45|49|52|57|61|64|73 45|49|52|57|61|64|69 47
 62 64 68 74 59 58 59 49 64 69 64 76 61 60 61 50 66 69 66 78 62 61 62 52 68 74 68 80 64 63
 74
 64
 80
 83 52|59|62|64|86
 85 83 81 80 81 83 81 80 78 76 74 57|61|64|73
 62
 68
 71 40|47|50|52|74
 73 71 69 68 69 71 69 68 66 64 62 45|49|52|57|61
 50
 52|56
 56 59 40|62
 61 59 57 56 57 59 57 56 54 52 50 33|45 35|47 37|49 38|50 40|52 42|54 44|56 45|57 47|59 49|61 50|62 52|64 54|66 56|68 57|69 59|71 61|73 62|74 64|76 66|78 68|80 69|81 71|83 73|85 74|86
 75|87 76|88
 40|52|59|62|64|68 33|45|57|61|64|69
 38|42|45|50|54|57|62
 45|57 50|62 54|66
 50|62 54|66 57|69 57|69 54|66 50|62 54|66 50|62 45|57 50|62 45|57 42|54 45|57 42|54 38|45|50
 54 57 55 54 52 50 49 42|45|50|50 52 54 55 57 59 61 62 40|45|49|57 61 64 62 61 59 57 56 43|45|52|57 59 61 62 64 66 67 64 42|45|50|62 66 69 67 66 64 62 61 48|50|57|62 64 66 67 69 71 72 73 47|50|55|74 76 78 79 43|50|52|80 81 82 83 45|50|54|83 81 79 78 45|52|55|78 76 74 73 50|54|74
 69
 81
 54|57
 78 74 69 66 62 62
 62
 61
 62 64 52|57|62 61 69
 79
 55|57
 76 73 67 64 61 61
 61 54|57|64 62
 74
 86
 60|62 81 78 74 69 66 66
 66 59|62|67
 69
 67 66 67
 69 71 72 74 76 78 79 58|62|80
 81 80 81 80 81 80 81 80 81 80 81 80 81 80 81 80 81 80 78
 79
 45|81
 57 56 57 59 57 56 57 45
 79 88 85 79 76 85 79 76 73 79 76 73 67 76 73 67 64 73 67 64 33|66|74 45 44 45 47 45 44 45 33
 78 86 81 78 74 81 78 74 69 78 74 69 66 74 69 66 62 69 66 62 45|61|64|67 57 56 57 59 57 56 57 45
 83 82 83 82 33|45|83 85 83 82 83 81 79 78 76 74 73 71 69 67 66 64 38|50|62
 54|66 57|69 55|67 54|66 52|64 50|62 49|61 50|62 52|64 54|66 55|67 57|69 59|71 61|73 62|74 59|71 62|74 66|78 64|76 62|74 61|73 59|71 58|70 59|71 61|73 62|74 64|76 66|78 68|80 70|82 71|83 68|80 71|83 74|86 73|85 71|83 69|81 68|80 66|78 64|76 63|75 62|74 61|73 59|71 57|69 56|68 54|66 40|64 52 51|56|59|64 52 50 52 51|56|59|64 52 47 52 51|59|62|64 52 44 52 51|59|62|64 52 45|57|61|64 52 49|81 52 45 52|80
 78 49|76 74 52|73 71 42|69 52|68 66 45|64 63 52|61 59 42|57 52 45|57 52 40|56 52 51|56|59|64 52 50 52 51|56|59|64 52 47 52 51|59|62|64 52 44 52 51|59|62|64 52 45|57|61|64 52 49|81 52 45 52|80
 78 49|76 74 52|73 71 42|69 52|68 66 45|64 63 52|61 59 42|57 52 45|57 52 40|56
 40|52 42|54 44|56 45|57 47|59 49|61 51|63 52|64 54|66 56|68 57|69 59|71 61|73 63|75 64|76 66|78 68|80 69|81 71|83 73|85 75|87 76|88
 85 88 86 85 83 86 85 83 81 85 83 81 80 83 81 73|80 78 74|77 78 70|80 78 71|76
 74 38|42|47|50|54|59|62|66
 40|52|56|62
 40|52|56|62 40|52|56|62 33|45|52|56|62 57|61 76
 81 85 88
 85
 88 86 85 83 82 83 86 85 83 81 80 81 85 83 81 80 79 80 83
 81 80 78 78 80 78 78 80 78 78 80 78 76
 74
 59|71
 56|68 57|69 54|66 56|68 53|65 54|66 50|62 52|64 57|69
 61|73 64|76 56|68 61|73 64|76 57|69 61|73 64|76 52|64 61|73 64|76 55|67 61|73 64|76 54|66 61|73 64|76 55|67 61|73 64|76 52|64 61|73 64|76 54|66 57|69 62|74 53|65 57|69 62|74 54|66 57|69 62|74 50|62 57|69 62|74 52|64 55|67 57|69 51|63 55|67 57|69 52|64 55|67 57|69 49|61 55|67 57|69 50|62 54|66 57|69 49|61 54|66 57|69 50|62 54|66 57|69 45|57 54|66 57|69 49|61 52|64 57|69 48|60 52|64 57|69 49|61 52|64 57|69 45|57 52|64 57|69 47|59 50|62 52|64 46|58 50|62 52|64 47|59 50|62 52|64 44|56 50|62 52|64
 64
 45|76 49 52 44 49 52 45 49 52 40|74
 73
 49
 71 52 69 47|64 50 52 46 50 52 47 50 52 44 50 52
 76
 45|88 48 52 44 48 52 45 48 52 40|86
 84
 48
 83 52 81 43|82 46 48 42 46 48 43 46 48 40 46 48
 72
 41|84 45 48 40 45 48 41 45 48 36|82
 81
 45
 79 48 77 43|72 46 84 48 42|84 46 84 48 43|84 46 84 48 40|84 46 84 48 41|45|48|53|84
 84 82 81 79
 53|77 46 77 76 74 72 46|70 48 70 69 67 65 46|64 45|65 69 46|62 67 48|60 65 48|58 64 41|57
 53|57
 50|65 50|65 47|62 59|62 59|62 74 72 71 69 59|62|68 59|62 74 73 71 69 68 47|50|56|78 76 49|52|58 76 74 73 71 70 49|52|58|79 78 50|54|59 78 76 74 73 71 82 83 77 78 85 86 82 83 86 83 64|83
 84 83
 68
 84 83
 71 84 83 69
 84 83 84
 68 83 84 66 83 84 64
 83 84 83
 63
 84 83
 64
 84 83 84
 71 83 84 74 83 84 83
 73 84 83 71
 84 83 84
 69
 83 84 83
 68
 84 83 66
 84 83 84
 64
 83 84 83
 63
 84 83 84
 62
 83 84 61
 83 84 83
 59
 84 83 84
 57 83 84 56
 83 84 83
 54
 84 83 52
 84 83 84 50 83 84 49
 83 84 83
 47 84 83 45
 84 83 44
 84 83 84
 42
 83 84 40
 83
 81
 84 83 33|45|69|81
 37|45|49|57|64|69 38|45|50|57|66|69 42|50|54|57|62|69 44|50|52|56|59|62|71
 44|50|52|56|59|62|64
 45|49|52|57|61|64|73 45|49|52|57|61|64|69 47
 62 64 68 74 59 58 59 49 64 69 64 76 61 60 61 50 66 69 66 78 62 61 62 52 68 74 68 80 64 63
 74
 64
 80
 83 52|59|62|64|86
 85 83 81 80 81 83 81 80 78 76 74 57|61|64|73
 62
 68
 71 40|47|50|52|74
 73 71 69 68 69 71 69 68 66 64 62 45|49|52|57|61
 50
 52|56
 56 59 40|62
 61 59 57 56 57 59 57 56 54 52 50 33|45 35|47 37|49 38|50 40|52 42|54 44|56 45|57 47|59 49|61 50|62 52|64 54|66 56|68 57|69 59|71 61|73 62|74 64|76 66|78 68|80 69|81 71|83 73|85 74|86
 75|87 76|88
 40|52|59|62|64|68 33|45|57|61|64|69
 29|41|53|57|65 33|45|53|60|65 34|46|53|62|65 38|50|53|58|65 36|48|55|58|64 36|48|58|64|67|70
 48|60|67|70|76 48|60|70|76|79|82 41|53
 45|57 48|60 46|58 45|57 43|55 41|53 40|52 41|53 45|57 48|60 46|58 45|57 43|55 41|53 40|52 41|53 45 48 46
 72
 45|84 43 41 40 41 43 45 46 48|81 50 52 53
 77 48|76 52 55|67 53|65 52|64 50|62 48|60 47|59 48|60 52|64 55|67 53|65 52|64 50|62 52|64 48|60 49|61 52 55 53
 76
 52|88 50 48 47 45 33 37 40 45|85 49 52 57
 79 50|77 53 57|69 55|67 53|65 52|64 50|62 49|61 50|62 53|65 57|69 56|68 57|69 53|65 52|64 50|62 51|63 53 55 53
 77
 51|89 50 48 46 45 46 48 46 45|87 41 43 45
 84 46|86 50 53|65 51|63 50|62 48|60 46|58 45|57 46|58 50|62 55|67 50|62 48|60 46|58 45|57 43|55 42|54 45 48 46
 74
 45|86 43 42 40 42 38 42 45 50|84 54 57 62
 81 55|82 58 62|74 60|72 58|70 57|69 55|67 54|66 55|67 43|55 46|58 50|62 55|67 50|62 46|58 43|55 44|56 50 47 44 41|77|89 38 35 33 32 35 38 41
 76|88 44|77|89 47 50|77|89 44 33|45|76|88 57 61 64 45 49 52 61 64 69 50 53 57 64 69 73 53 57 62 69 73 76 57 62 64 73 76 81 61 64 69 76 81 85 64 69 73 81 85 88 69 73 76 81 85 88
 33|45 57 62 65 45 50 53 62 65 69 50 53 57 65 69 74 53 57 62 69 74 77 57 62 65 74 77 81 57 62 65 77 81 86 57 63 66 78 81 87 57 63 66 78 81 87
 33|45 61 64 67 45 52 55 64 67 73 52 55 61 67 73 76 55 61 64 73 76 79 49 52 55 76 79 85 52 55 61 79 85 88 45 52 55 64 67 73 33 40 43 52 55 61
 38|42|45|50|54|57|62
 45|57 50|62 54|66
 50|62 54|66 57|69 57|69 54|66 50|62 54|66 50|62 45|57 50|62 45|57 42|54 45|57 42|54 38|45|50
 54 57 55 54 52 50 49 42|45|50|50 52 54 55 57 59 61 62 40|45|49|57 61 64 62 61 59 57 56 43|45|52|57 59 61 62 64 66 67 64 42|45|50|62 66 69 67 66 64 62 61 48|50|57|62 64 66 67 69 71 72 73 47|50|55|74 76 78 79 43|50|52|80 81 82 83 45|50|54|83 81 79 78 45|52|55|78 76 74 73 50|54|74
 69
 81
 54|57
 78 74 69 66 62 62
 62
 61
 62 64 52|57|62 61 69
 79
 55|57
 76 73 67 64 61 61
 61 54|57|64 63
 71
 83
 42|45|47|51 78 75 71 66 63 63
 63 43|47|52|64
 66 67 69 71 73 74 75 44|47|50|52|76 77 78 76 76 74 73 71 49|69 45 49|61|64|69 45 52 45 52|61|64|69 45 57 45 57|61|64|69 45 49 45 49|61|64|69 45
 74
 47|86 45 47 45 50 45|85
 83 50|81 80 45|78 76 52|74 45|73 71 52|69 68 45|66 64 56|62 45 56|62 45 57|61|73 45 57 45 52|64|76 45 52 45 49|69|81 45 49 45 52|73|85 45 52 45 34|46|74|86
 77|89 38|50 89
 88 86 85 41|53|86 86 84 82 81 46|58|68|80 68|80 45|57|69|81
 33|45 35|47 37|49 38|50 40|52 42|54 44|56 45|57
 47|59 49|61 50|62 52|64 54|66 56|68 57|69 59|71 61|73 62|74 64|76 66|78 68|80 69|81
 78 81 79 78 76 79 78 76 74 78 76 74 73 76 74 66|73 71 67|70 71 63|73 71 64|69
 59 64|67
 43|47|52|55|59|64|67|71
 33|45|52|55|61 33|45|52|55|61 33|45|52|55|61 38|50|55|57|61 54|62 69
 74 78 81
 78
 81 79 78 76 75 76 79 78 76 74 73 74 78 76 74 73 72 73 76
 74 73 71 70 73 71 70 73 71 70 73 71 69
 67
 64|76
 61|73 62|74 59|71 61|73 58|70 59|71 55|67 57|69 50|62
 54|66 57|69 49|61 54|66 57|69 50|62 54|66 57|69 45|57 54|66 57|69 48|60 54|66 57|69 47|59 54|66 57|69 48|60 54|66 57|69 45|57 54|66 57|69 47|59 50|62 55|67 46|58 50|62 55|67 47|59 50|62 55|67 43|55 50|62 55|67 45|57 48|60 50|62 44|56 48|60 50|62 45|57 48|60 50|62 42|54 48|60 50|62 43|55 47|59 50|62 42|54 47|59 50|62 43|55 47|59 50|62 38|50 47|59 50|62 42|54 45|57 50|62 41|53 45|57 50|62 42|54 45|57 50|62 38|50 45|57 50|62 40|52 43|55 45|57 39|51 43|55 45|57 40|52 43|55 45|57 37 43 45
 69
 38|81 42 45 37 42 45 38 42 45 33|79
 78
 42
 76 45 74 40|69 43 45 39 43 45 40 43 45 37 43 45
 69
 38|81 41 45 37 41 45 38 41 45 33|79
 77
 41
 76 45 74 48|75 51 53 47 51 53 48 51 53 45 51 53
 77
 46|89 50 53 45 50 53 46 50 53 41|87
 86
 50
 84 53 82 48|77 51 53 47 51 53 48 51
 77 53 45|89 51 89 53 34|38|41|46|89
 89 87 86 84
 58|82 51 82 81 79 77 51|75 53 75 74 72 70 51|69 50|70 74 51|67 72 53|65 70 41|63 69 46|62|70
 58|62
 55|70 55|70 52|67 52|55 52|55 79 77 76 74 52|55|61|73 52|55|61 79 78 76 74 73 52|55|61|83 81 54|57|63 81 79 78 76 75 54|57|63|84 83 55|59|64 83 81 79 78 76 87 88 81 79 78 76 75 76 79 76 57|76
 77 76
 61
 77 76
 64
 77 76
 62
 77 76 77
 61
 76 77
 59
 76 77 76
 57 77 76 56 77 76 77
 57 76 77
 64
 76 77 76
 67 77 76 77
 66 76 77
 64
 76 77 76
 62
 77 76 77
 61 76 77 59
 76 77 76
 57
 77 76 77
 56 76 77
 55
 76 77 76
 54 77 76 52
 77 76 50
 77 76 77
 49
 76 77 47
 76 77 45|76 77 76 43 77 76 42
 77 76 77 40 76 77 38|76 77 76 37 77 76 77 35 76 77 33
 76 74 76 38|50|62|74
 42|50|54|62|69|74 43|50|55|62|71|74 47|55|59|62|67|74 49|55|57|61|64|67|76
 49|55|57|61|64|67|69
 50|54|57|62|66|69|78 50|54|57|62|66|69|74 52
 67 69 73 79 64 63 64 54 69 74 69 81 66 65 66 55 71 74 71 83 67 66 67 57 73 79 73 85 69 68
 67
 69
 73 76 45|52|55|57|79
 78 76 74 73 74 76 74 73 71 69 67 50|54|57|66
 55
 61
 64 33|40|43|45|67
 66 64 62 61 62 64 62 61 59 57 55 38|42|45|54
 43
 49
 52 33|55
 54 52 50 49 50 49 47 45 43 42 40 38 40 42 43 45 47 49 50 40|52 42|54 43|55 45|57 47|59 49|61 50|62 52|64 54|66 55|67 57|69 59|71 61|73 62|74 64|76 66|78 67|79
 68|80 69|81
 45|49|52|57|64|67|69|73 38|42|45|50|62|66|69|74 75 76 75 76 71 74 72 45|69 52 57 60 64 69 40|71 52 56 64 68 71 45|72 52 57 64 76 75 76 75 76 71 74 72 45|69 52 57 60 64 69 40|71 52 56 62 72 71 45|69 52 57
 76 75 76 75 76 71 74 72 45|69 52 57 60 64 69 40|71 52 56 64 68 71 45|72 52 57 64 76 75 76 75 76 71 74 72 45|69 52 57 60 64 69 40|71 52 56 62 72 71 45|69 52 57 71 72 74 48|76 55 60 67 77 76 43|74 55 59 65 76 74 45|72 52 57 64 74 72 40|71 52 64 64 76 64 76 76 88 75 76 75 76 75 76 75 76 75 76 75 76 71 74 72 45|69 52 57 60 64 69 40|71 52 56 64 68 71 45|72 52 57 64 76 75 76 75 76 71 74 72 45|69 52 57 60 64 69 40|71 52 56 62 72 71 45|69 52 57 71 72 74 48|76 55 60 67 77 76 43|74 55 59 65 76 74 45|72 52 57 64 74 72 40|71 52 64 64 76 64 76 76 88 75 76 75 76 75 76 75 76 75 76 75 76 71 74 72 45|69 52 57 60 64 69 40|71 52 56 64 68 71 45|72 52 57 64 76 75 76 75 76 71 74 72 45|69 52 57 60 64 69 40|71 52 56 62 72 71 45|69 52 57 58|60|64|72 57|60|65|72 55|58|60|64|67|72 53|72 57 60 57 60|77 57
 76 53|76 58 62|74 58 62|82 58 81 53|81 64|79 53|55|58|77 64|76 53|55|58|74 64|72 53|70 57 60|69 57
 70
 60|69
 67 57|69 70 53|72 57 60 57 60|74 57|75 52|76 57 60 57|76 50|62|77 53|69 55|72 64 55 64|74
 72 71 72 55|74 65
 71 60|64|72 79 67 79 69 79 65|67|71 79 64|67|72 79 62|65|67|74 79 60|64|67|76 79 84 83 53|57|81 79 77 76 55|59|74 79 77 74 60|64|72 79 67 79 69 79 65|67|71 79 64|67|72 79 62|65|67|74 79 60|64|67|76 79 84 83 53|57|81 79 77 76 55|59|74 79 77 74 56|59|76 77 76 75 76 71 76 75 76 71 76 75 76
 71
 76 75 76 71 76
 75 76 75 76 75 76 75 76 75 76 71 74 72 45|69 52 57 60 64 69 40|71 52 56 64 68 71 45|72 52 57 64 76 75 76 75 76 71 74 72 45|69 52 57 60 64 69 40|71 52 56 62 72 71 45|69 52 57 71 72 74 48|76 55 60 67 77 76 43|74 55 59 65 76 74 45|72 52 57 64 74 72 40|71 52 64 64 76 64 76 76 88 75 76 75 76 75 76 75 76 75 76 75 76 71 74 72 45|69 52 57 60 64 69 40|71 52 56 64 68 71 45|72 52 57 64 76 75 76 75 76 71 74 72 45|69 52 57 60 64 69 40|71 52 56 62 72 71 45|69 45 45 45 45 45 45|64|67|70|73 45 45 45 45 45 45|65|69|74 45 45 45 45|73|76 45|74|77 45|68|74|77 45 45 45 45|68|74|77 45 45|69|72|76 45 45 45 45 45 38|45|65|74 38|45 38|45 38|45 38|45|64|72 38|45|62|71 39|45|60|66|69 39|45 39|45 39|45 39|45|60|69 39|45 40|45|60|69 40|45 40|45|64|72 40|45 40|44|62|71 40|44 33|45|60|69 45 45 45 45 45 45|64|67|70|73 45 45 45 45 45 45|65|69|74 45 45 45 45|73|76 45|74|77 45|74|77 45 45 45 45|74|77 45 46|74|77 46 46 46 46 46 46|67|75 46 46 46 46|65|74 46|63|72 46|62|65|70 46 46 46 46|62|65|69 46 47|62|65|68 47 47 47 47|62|65|68 47 48|60|64|69
 52|56|62|64|71 33|57
 60 64 69 72 76 57|60|64|74 72 71 57|60|64|69 72 76 81 84 88 57|60|64|86 84 83 57|60|64|81 84 88 93 96 100 57|60|64|98 96 95 57|60|64|94 93 92 91 90 89 88 87 86 85 84 83 82 81 80 79 78 77 76
 75 76 71 74 72 45|69 52 57 60 64 69 40|71 52 56 64 68 71 45|72 52 57 64 76 75 76 75 76 71 74 72 45|69 52 57 60 64 69 40|71 52 56 62 72 71 45|69 52 57 71 72 74 48|76 55 60 67 77 76 43|74 55 59 65 76 74 45|72 52 57 64 74 72 40|71 52 64 64 76 64 76 76 88 75 76 75 76 75 76 75 76 75 76 75 76 71 74 72 45|69 52 57 60 64 69 40|71 52 56 64 68 71 45|72 52 57 64 76 75 76 75 76 71 74 72 45|69 52 57 60 64 69 40|71 52 56 64 72 71 33|45|69 72 72 72 71 69 71 72 72 74 72 71 72 76
 79
 77 81 79 77 76 79 77 76 74 76 77 76 79 77 76 74 72
 71
 67
 67
 72 72 72 71 69 71 72 72
 74 72 71 72 76
 79
 77
 81 79 77 76 79 77 76 74 77 76 74 72
 74 72 71 72 76
 74 64|72
 67 72 76 77
 74
 71
 67 71 74 76 72 67 67 69 71 72 74 76 79 77 76 74 72
 71
 79 81 83 84 86 87 88 87 89 88 86 84 83 81 79 88 86 84 83 81 79 77 76 84 83 81 79 77 76 74 72
 72 72
 71 69 71 72 72
 74 72 71 72 76
 79
 77
 81 79 77 76 79 77 76 74 77 76 74 72
 74 72 71 72 76
 74 64|72
 72 74 76 77 79 81 83 84
 81
 78 72
 74 72 71 72 74 69 72
 71
 67
 69 71 72 74 76 78 79
 76
 73 67
 69 67 66 67 69 64 67
 66
 74
 73 76 74 72 71 69 67 66 67 69 71 69 71 73 74 73 74 76 74 73 71 69 67 66 67 69 71 73 74 76 78 79 78
 79 78 76 78 79 81 83 81 83 81 80 81 83 85 86 85 88 86 81 80 83 81 78 77 79 78 74 73 76 74
 72|74 72|74 72|74 72|74 72|74 72|74 72|74 72|74 74
 73 74 79 74 83 74 86 74 83 74 81 74 79 74
 72|74 72|74 72|74 72|74 72|74 72|74 72|74 72|74 74
 73 74 79 74 83 74 86 74 83 74 81 74 79 74
 74|76 74|76 74|76 74|76 74|76 74|76 74|76 74|76 76
 78 80 81 83 84 86 88 87 89 88 86 84 83 82 84 83 88 86 84 83 81 79 83 81 86 84 83 81 79 78 79 80 81 82 83 77 76 74 73 76 78 80 81 76 74 72 70 71 76 74 72 71 69 67 71 69 74 72 71 69 67 66 67
 59|62|67
 59|62|67 57|63|66
 67
 63|66|69 63|66|69
 71 62|67 59|62|67 59|62|67 57|63|66 67 63|66|69 63|66|69 71 62|67 63|66|69 65|68|71 67|72 71|74
 71|74|83 71|74|83 83|86 83|86
 72 72 72
 71 69 71 72 72
 74 72 71 72 76
 79
 77 81 79 77 76 79 77 76 74 76 77 76 79 77 76 74 72
 71
 67
 67
 72 72 72 71 69 71 72
 74 72 71 72 72
 74 76 77 78
 79
 79 77
 79 76 77 81 79 77 76
 75 76 79 77 76 74 73 74 77 76 74 72
 74 72 71 72 76
 74 64|72
 67 63|75 63|75
 74
 72
 62
 65 71 71 74 77 65|77
 65|77
 75
 74
 63 67 72 75 79 84 73|85
 73|85
 84
 82 82 80 80 79 79 77 77 75 75 74 74 75 75 74 74 72 72 71 69 67 66 67 68 67 63|75
 63|75
 74 72
 62
 65 70 74 77 80 80|84
 80|84
 79|82
 77|80
 67 70 75 79 82 87 87 86 84 82 80 79 77 75 74 72
 84 82 80 79 77 75 74 75 72 70
 70|75|79|82
 65|68|70|74 67|70|75
 79 79 79 82
 80
 77
 70 70 70
 70
 77
 75
 79 78 79 78 79 80 79 82
 80 77
 70 69 70 69 70 69 70 70
 77
 76
 72 71 72 71 72 71 72 72
 79
 78
 74 73 74 73 74 73 74 81
 79
 80 83 84 86 87 86 89 87 86 84 83
 86 84 83 81 79 77 80 79 77 75 74 63|75
 63|75
 74
 72
 62 65 71 71 74 77 65|77
 65|77
 75
 74
 63 67 72 75 79 84 73|85
 73|85
 84
 82
 80 84 77 80 75 79 71 74
 72 71 72 71 72 71 72 61|73 61|73
 72 70 68 70 71 72 62 65 68 63 67 60 62 65 59
 60
 61 62 63 64 65 66 67 68 69 70 71 72 72 72 72 72 72 72 72 71 72 72 72 73 73 73 73 73 73 74 74 74 74 74 74
 75 77 75 73
 72 75 73 70 68
 68 68
 67 65 67 68 68
 70 68 67 68 72
 75
 73 89 87 85 84 87 85 84 82 84 85 84 87 85 84 82 80
 79
 63 63
 68 68 68 68 68 68 67 65 63 65 67 68 70 71 72 73 74 77
 75
 75 73 89 87
 85 84
 86 84 83 84 89 87 86 84 83
 79 79 79 79
 75
 72
 87 86 84 83
 84 83 81 83 84
 86
 79 78 79 81 79 77 74 75 77 78 79 72
 75 74 77 75 74 72 71
 72 71 69 71 72 74
 63 62 65 63 62 60
 54 55 56 57 58 59 60 61 62 63 64 65 66 67 68 69 70 71 72 73 74 75 76 77 78 79 80 81 82 83 84 85 86 87 88 89
 88 87 86 85 84 83 82 81 80 79 78 77 76 75 74 73 72 71 70 69 67 69 71 72
 72 72
 71 69 71 72 72
 74 72 71 72 76
 79
 77 81 79 77 76 79 77 76 74 76 77 76 79 77 76 74 72
 71
 67 67
 72 72 72 72 72 72 71 69 67 69 71
 72
 73 74 75 76 77 78 81
 79
 79 77
 79 76 77 81 79 77 76
 79 83 84 79 76 74 77 80 81 77 74 72
 74 72 71 72 76
 74 64|72
 67 72 76 77
 74
 71
 67 71 74 76 72 67 67 69 71 72 74 76 79 77 76 74 72
 71
 79 81 83 84 86 87 88 87 89 88 86 84 83 81 79 84 83 81 80 79 78 77 76 81 79 78 77 76 75 74 72
 72 72
 71 70 71 71 71 71
 74 72 71 72 72 72 75 73 72 73 78 78 78 77 75 73 68|72 68|72 68|75 73 72 73 66|68|75|78 66|68|75|78
 65
 68 73 77
 63 68 72 75 68 73 77 80 66 68 72 78 65 68 73 77 65 68 72 77 65 68 74 77 63 67 72 75 62 68 72 74 64 70 72 76 65 68 72 77 66 72 75 78 67|72|76|79
 74|77
 72|76 67|76 65|69|74 63|66|69|72 64|67|72 64|67|72 62|65|72 71 62|65|69 67 76|79 74|77 72|76 67|76 65|69|74 63|66|69|72 64|67|72 64|67|72 62|65|72 71 62|65|69 67 64|72 48 48 47 45 47 48
 43 72 72 71 69 71 72 67
 48
 48 47 52 50 48 47 45 43 43
 48
 43
 72 72 71 76 74 72 71 69 67 67
 72
 67
 48 48 47 52 50 48 47 45 43 48
 49 50 51 52 52 53 54 55
 56 57 58 59 60 61 62 63 64 65 66 67 68 69 70 71 72 73 74 75 76 77 78 79
 80 81 82 83 84 85 86 87
 88
 86 84 83 81 79 77 76 74 72 71 69 67 66 67 72 76 79
 77 74 71 72
 67
 79 67 79
 70|79 70|79 69|79 77 76 74 67|72 62|65|67|71 60|64|67|72
 60|64 67 60|64 67 62|65 67 62|65 67 60|64 67 60|64 67 59|62 67 59|62 67 57|60 65 59|62 67 60 64 52|55 60 53 57 62 65 55 64 62
 60|64 67 60|64 67 62|65 67 62|65 67 60|64 67 60|64 67 59|62 67 59|62 67 57|60 65 59|62 67 60|64 67 53 65 55 64 55 65 48 55 55 55 52|60 55 55 55 50|59 55 55 55 53|62 55 55 55 52|60 55 55 55 48|52 55 55 55 50|53 55 55 55 47|53 55 55 55 48|52
 60|64 67 60|64 67 62|65 67 62|65 67 60|64 67 60|64 67 59|62 67 59|62 67 57|60 65 59|62 67 60|64 67 53 65 55 64 55 65
 48
 52 55 60 55 52 55 48
 45 48 54 57 54 48 54 45 43 47 50 55 50 47 50 43 52 55 61 64 61 55 61 52 50
 57 54 57 52 57 45 57 50 57 54 57 52 57 45 57 50 57 54 57 52 57 45|55 57 50|54
 62|66 64|67 66|69 64|67 66|69 64|67 66|69 62|66 67|71
 67|71
 66|69 64|67 62|66 64|67 66|69 64|67 66|69 62|66 67|71
 67|71
 68|71 66|69 64|68 66|69 68|71 66|69 68|71 64|68 69|72
 69|72
 66 67 64 60 62 59 56 57 54 55 52 48 50 43
 47 50 48 47 45 47 43 48 43 48 43 48 43 48 43 47 43 50 48 47 45 47 43 48 43 48 43 48 43 48 43 47 43 47 43 48 43 48 43 50 43 50 43 52 43 52 43 53 43 54 43 55 43 56 43 55 43 54 43 55 43 56 43 55 43 54 43 55 43 57 43 55 43 53 43 48|52 55 64 67 62|65 67 62|65 67 60|64 67 60|64 67 59|62 67 59|62 67 57|60 65 59|62 67 60 64 52|55 60 53|53 57 62 65 55 64 62
 60|64 67 60|64 67 62|65 67 62|65 67 60|64 67 60|64 67 59|62 67 59|62 67 57|60 65 59|62 67 60|64 67 53 65 55 64 55 65 48 60 48
 48|55 48|55 50
 52 50
 53 56
 62 65 68 50|59
 50|59
 51 53 51 55 60 63 67 72 64|67
 64|67
 65|68 67|70 65|68
 53|56 54|57 55|62 48|55 48|55 50 51 50
 53 58
 62 65 70 46|58
 46|58
 48 50 51 55 58 63 67 70 55|58|63
 56|60|63|65 58|63|67
 46|58 51
 58 55 58 46 58 55 58 51 58 55 58 46 58 55 58 53 58 56 58 46 58 56 58 50 58 56 58 46 58 56 58 51 58 55 58 46 58 55 58 51 58 55 58 46 58 55 58 53 58 56 58 46 58 56 58 50 58 56 58 46 58 56 58 49 58 55 58 48 58 55 58 52 58 55 58 48 58 55 58 51 60 57 60 50 60 57 60 54 60 57 60 50 60 57 60 55 62 59 62 53 62 59 62 51 60 55 60 48 60 55 60 43|47|50|55
 48|55
 48|55
 50 51 50
 53 56
 62 65 68 50|59
 50|59
 51 53 51 55 60 63 67 72 64|67
 64|67
 65|68 67|70 65|68 65 67 55|65 56|63
 52|55 52|55 53|56 55|58 53|56 53 55 43 48
 56|60 63 56|60 63 58|61 63 58|61 63 56|60 63 56|60 63 55|58 63 55|58 63 53|56 61 55|58 63 56 60 63 68 61 65 70 73 63 72 70
 56|60 63 56|60 63 58|61 63 58|61 63 56|60 63 56|60 63 55|58 63 55|58 63 53|56 61 55|58 63 56 63 55 63 54 57 42 54 43
 55 47 55 50 55 47 55 43 55 47 55 50 55 47 55 43 55 48 55 51 55 48 55 43 55 48 55 51 55 48 55 43 55 47 55 50 55 47 55 43 55 47 55 50 55 47 55 43 55 48 55 51 55 48 55 43 55 48 55 51 55 48 55 43 55 50 55 43 55 47 55 43 55 48 55 43 55 51 55 43
 60|64
 67 60|64 67 62|65 67 62|65 67 60|64 67 60|64 67 59|62 67 59|62 67 57|60 67 59|62 67 60 64 52|55 60 53 57 62 65 55 64 62
 60|64 67 60|64 67 62|65 67 62|65 67 60|64 67 60|64 67 59|62 67 59|62 67 57|60 65 59|62 67 60|64 67 53 65 55 64 55 65 48 55 55 55 52|60 55 55 55 50|59 55 55 55 53|62 55 55 55 52|60 55 55 55 48|52 55 55 55 50|53 55 55 55 47|53 55 55 55 48|52
 60|64 67 60|64 67 62|65|67
 62|65 68 62|65 68 63|67 66 68 66 68 65 68 65 68 60 68 60 68 61 68 61 68 54|63 56 54|63 56 53|61 56 53 56 48|60 56 48|60 56 49
 53 56 61
 54 56 60 63 53 56 61 65 51 56 60 63 49 53 56 61 48 53 56 60 50 53 56 59 48 51 55 60 41 44 48 53 43 46 48 55 44 48 53 56 45 48 51 57 43
 55 55 55 55 55 55 55 43 55 43 55 43 55 43 55 43
 48 52 55 60 64 67 55 55 55 43 55 43 55 43 55 43 55 48
 60 55 60 52 60 55 60 53 62 55 62 53 62 55 62 52 60 55 60 52 60 55 60 53 62 55 62 53 62 55 62 52 60 55 60 52 60 55 60 53 62 55 62 53 62 55 62 52 60 55 60 52 60 55|60 53 62 55 62 53 55|62 62 52 60 52 60 55 60 52 60 55 60 53 62 55 62 53 62 55 62 52 60 55 60 52 58 55 58 53 57 56 57 54 57 59 57 55 58 57 58 55 58 60 58 57 60 59 60 57 60 62 60 60|64
 43|48|52
 43|50|53 48|52
 55 60|64
 60|64 60|64
 59|62 58|61 59|62
 55
 62|65 62|65 62|65 60|64 59|63 60|60|64 52|61 52|61 53|61 62 64 65 55|64 43|55 36|48