0 -72 -2 1 -1 1 -1 1 -1 31 -33 5 -1 34 -36 5 -2 40 -36 -2 -2 1 -1 1 -1 1 -1 17 -15 
2 0 1 0 -3 2 3 2 0 -9 
-1 
-2 1 -1 1 -1 1 -1 31 -33 5 -1 34 -36 5 -2 40 -36 -2 -2 1 -1 1 -1 1 -1 17 -15 
2 0 1 0 -3 2 3 2 0 -12 -5 0 1 -1 -2 31 -29 
1 2 2 2 1 -5 
4 1 2 2 -2 -2 1 -1 1 -1 1 -1 18 -19 4 -1 18 -20 5 -1 12 -19 
-5 0 1 -1 -2 31 -29 
1 2 2 2 1 -5 
4 1 2 2 -2 -2 1 -1 1 -1 1 -1 18 -19 4 -1 18 -20 5 -1 12 -19 
1 -1 3 -3 7 -4 9 -9 2 -3 6 -3 7 -4 -1 1 -1 -2 -2 -2 -1 1 -1 -2 2 2 1 1 -1 -1 1 2 2 -4 2 2 1 -3 5 -2 -1 3 3 4 -5 
-12 1 -1 3 -3 7 -4 9 -9 2 -3 6 -3 7 -4 -1 1 -1 -2 -2 -2 -1 1 -1 -2 2 2 1 1 -1 -1 1 2 2 -4 2 2 1 -3 5 -2 -1 3 3 4 -5 
-12 1 -1 -2 4 3 -2 1 -1 -1 3 3 -8 1 -1 -2 4 3 -2 1 -1 -1 3 3 -8 1 -1 3 -3 7 -4 9 -17 3 -3 7 -4 7 -3 6 -3 7 -2 -1 -1 -3 
2 -7 1 -1 -2 4 3 -2 1 -1 -1 3 3 -8 1 -1 -2 4 3 -2 1 -1 -1 3 3 -8 1 -1 3 -3 7 -4 9 -17 3 -3 7 -4 7 -3 6 -3 7 -2 -1 -1 -3 
2 
-4 -1 
-2 1 -1 1 -1 1 -1 
31 -33 5 -1 34 -36 5 -2 40 -36 -2 -2 1 -1 1 -1 1 -1 17 -15 
2 0 1 0 -3 2 3 2 0 -12 -5 0 1 -1 -2 31 -29 
1 2 2 2 1 -5 
4 1 2 2 -2 -2 1 -1 1 -1 1 -1 18 -19 4 -1 18 -20 5 -1 12 -60 2 -5 2 1 -3 -5 -2 7 -1 -1 7 
-2 
-1 -2 6 -4 1 
2 2 1 -3 2 -16 2 -5 
2 
1 -3 -5 -2 7 -1 -1 7 
-2 
-1 -2 6 -4 1 
2 2 1 -3 2 
8 
-12 
-8 1 2 -7 4 1 2 5 -8 1 2 2 
1 
-1 
1 2 -2 -3 
2 
0 
10 -3 -4 
1 
-1 -2 2 2 -9 
2 2 1 2 2 1 -3 2 2 3 2 
7 1 
-3 
-5 0 
1 0 2 0 1 0 1 0 
-2 
2 -5 
2 
1 -3 -5 -2 7 -1 -1 7 
-2 
-1 -2 6 -4 1 
2 2 1 -3 2 
-7 -5 -3 1 2 1 -6 
5 -3 1 2 0 1 
-4 
0 0 1 0 0 2 0 0 2 
3 4 -12 3 4 -12 3 3 -1 
8 -1 
0 -4 2 2 1 -6 
5 -4 4 1 1 0 0 0 1 0 1 
2 -5 2 1 -3 -5 -2 7 -1 -1 7 
-2 
-1 -2 6 -4 0 
1 2 0 2 1 -3 2 5 -5 -4 
-12 2 -5 
2 1 -3 -5 -2 7 -1 -1 7 
-2 
-1 -2 6 -4 0 
1 2 0 2 1 -1 
5 
-1 
-1 
2 2 1 2 2 1 -6 3 3 -1 
-2 
2 1 -1 
-4 9 
-24 
-1 -1 
2 
2 1 2 2 1 -6 6 -1 
-7 
2 1 -1 -4 2 2 1 12 
2 1 -1 -3 1 2 2 1 -1 
0 0 
0 
5 -5 5 -4 4 -4 4 -5 5 -5 5 -7 7 -7 7 -5 5 -7 7 -9 4 -6 6 1 -3 3 -3 3 -3 3 -3 3 -3 3 -3 3 4 -4 4 -5 5 -5 5 0 3 -3 3 -5 4 -4 4 0 0 0 0 -6 4 2 -2 -5 
5 -5 -4 -3 -5 8 -3 3 -3 5 -5 5 -5 0 -5 5 -5 5 -7 7 -7 7 -5 5 -7 2 -4 4 -6 7 -3 3 -3 3 -3 3 -3 3 -3 3 -3 3 4 -4 4 -5 5 -5 5 0 3 -3 3 -5 4 -4 4 0 0 0 0 0 -2 2 -2 3 
0 0 0 0 0 0 0 0 0 0 0 0 0 0 0 -4 0 0 0 -1 0 0 0 -3 0 0 0 0 0 0 0 1 0 0 0 4 0 0 0 
-4 0 0 11 0 0 -7 
5 3 -3 3 4 -2 3 -3 5 -5 6 -6 7 -5 
5 3 -3 3 4 -17 
0 1 3 0 1 0 1 0 -1 0 -1 0 1 0 1 0 1 -7 5 -5 5 -4 4 -4 4 -5 5 -5 5 -7 7 -7 7 -5 5 -7 7 -9 4 -6 6 1 -3 3 -3 3 -3 3 -3 3 -3 3 -3 3 4 -4 4 -5 5 -5 5 0 3 -3 3 -5 4 -4 4 0 0 0 0 0 -2 2 -2 3 
-15 
0 0 0 0 0 0 0 0 0 0 0 0 0 0 0 0 0 0 0 0 0 0 0 0 0 0 0 0 0 0 0 0 0 0 0 0 0 0 0 0 0 0 0 0 0 0 0 -5 5 0 -8 
1 2 -10 24 0 0 0 0 -29 27 0 0 0 0 -32 30 0 0 0 0 -25 24 0 -4 16 0 -17 5 0 0 0 0 0 0 0 0 0 0 0 0 0 0 0 0 0 0 0 0 0 0 0 0 0 0 0 0 0 0 0 0 0 0 0 0 0 0 0 0 0 0 0 0 0 0 0 0 0 0 0 0 0 0 0 0 0 0 0 0 0 0 0 0 0 0 0 0 0 0 1 0 0 0 0 0 0 0 0 -3 3 0 -2 9 0 -5 5 0 -4 4 0 -4 4 0 -5 5 0 -5 5 0 -7 7 0 -7 7 0 -5 5 0 -7 7 0 -9 4 0 -6 6 0 1 -3 0 3 -3 0 3 -3 0 3 -3 0 3 -3 0 3 -3 0 3 4 0 -4 4 0 -5 5 0 -5 5 0 0 3 0 -3 3 0 -5 4 0 -4 4 0 -6 6 0 0 0 0 -6 4 0 2 -2 0 -5 
-4 -3 -5 8 -3 0 3 -3 0 5 -5 0 5 -5 0 0 -5 0 5 -5 0 5 -7 0 7 -7 0 7 -5 0 5 -7 0 2 -4 0 4 -6 0 7 -3 0 3 -3 0 3 -3 0 3 -3 0 3 -3 0 3 -3 0 3 4 0 -4 4 0 -5 5 0 -5 5 0 0 3 0 -3 3 0 -5 4 0 -4 4 0 -6 6 0 0 0 0 1 9 0 0 0 0 0 0 0 0 0 0 0 0 0 0 0 0 0 0 0 0 0 0 0 0 0 0 0 0 0 0 0 -36 36 0 
-37 
-1 38 0 0 -36 2 1 2 2 1 -6 6 -1 
13 -1 1 -1 8 
2 1 -1 -3 1 2 2 
5 3 0 -91 0 2 2 3 -7 11 0 0 3 
-7 0 0 0 -2 -1 
-2 
2 
0 -3 
8 
0 -5 1 -1 -2 5 0 2 
-5 -2 -1 1 -1 0 1 
0 -2 
2 2 0 0 1 -3 
-2 0 5 -1 0 0 1 -1 
-4 0 0 4 5 0 0 3 4 0 0 5 
-21 0 0 4 5 0 0 3 4 0 0 5 
-12 0 0 0 
-4 0 0 -1 
-4 0 2 2 
3 -7 
11 0 0 3 
-7 0 0 0 -2 -1 
-2 
2 
0 -3 
8 
0 -5 1 -1 -2 5 0 2 
-5 -2 -1 1 -1 0 1 
0 -2 
2 2 0 0 1 -3 
-2 0 5 -1 0 0 1 -1 
-4 0 0 4 5 0 0 3 4 0 0 5 
-21 0 0 4 5 0 0 3 4 0 0 5 
-12 0 0 0 
-4 0 0 -1 
1 0 2 2 
1 -5 0 2 2 1 -1 
3 -2 -1 -2 6 -3 -1 -2 3 -1 -2 -2 7 -3 -2 -2 4 -2 -2 -1 
0 -1 0 0 0 0 2 0 0 0 
1 0 0 
-1 0 0 
0 0 -5 5 0 -2 4 0 0 7 
-2 
2 -2 2 -1 -3 -1 
-1 -2 0 0 0 -1 0 0 0 
0 
0 0 0 
0 0 0 0 0 0 
-6 0 0 3 
-3 0 0 3 -3 0 0 3 -3 0 0 3 -3 0 0 3 -2 0 0 0 
0 0 0 0 
26 
2 
-21 
1 
-1 0 0 0 -2 -1 
-2 
2 
-3 0 
-1 
12 -5 1 -1 -2 5 0 2 
0 -5 1 -1 -2 5 0 2 
-3 -2 2 1 -3 -2 2 1 
-9 1 1 -1 -2 2 1 -1 -2 2 1 -1 1 -1 1 -1 0 
0 0 
0 0 -2 2 0 
1 -1 1 -1 
0 
0 0 0 2 -2 0 7 -4 0 0 4 5 0 0 3 4 0 0 5 
-21 0 0 4 5 0 0 3 4 0 0 5 -12 0 0 0 
0 0 0 0 -4 0 0 -1 0 0 0 0 0 0 0 0 0 0 0 0 0 0 0 0 
-1 
0 -2 0 0 0 0 
3 0 0 -3 -2 0 2 
-2 3 -1 3 -2 4 -2 4 -2 3 -1 3 -2 0 0 0 0 0 -5 0 0 0 -5 0 0 0 0 2 
-2 -2 2 0 
-2 0 -1 0 0 1 0 7 -2 
-1 -2 3 
-3 -2 -1 3 5 -2 -1 3 0 -2 -1 1 2 2 2 1 
-1 1 -13 1 
0 0 
11 1 -13 1 0 0 7 
-7 
0 0 0 4 -2 3 -1 -2 -2 
0 0 0 0 0 0 0 0 0 0 0 0 
0 0 0 0 
5 0 0 -1 
1 0 0 -1 1 0 0 -1 
-4 0 0 0 0 0 0 0 
8 -1 
5 
0 2 2 -3 -1 
-1 0 0 3 
0 0 0 2 
-4 
-1 
1 -1 -2 2 0 1 
0 
0 
1 0 
1 
-7 2 1 
0 0 0 1 
0 1 
-1 -2 -2 5 2 -3 
1 0 2 -2 2 -2 2 -2 
0 0 0 4 -7 0 0 3 4 0 0 5 
-9 0 0 4 -7 0 0 3 4 0 0 5 
-7 0 0 -2 
-3 0 0 3 
0 0 2 2 
-3 -1 
-1 0 0 3 
0 0 0 2 
-4 
-1 
1 -1 -2 2 0 1 
0 
0 
1 0 
1 
-7 2 1 
0 0 0 1 
0 1 
-1 -2 -2 5 2 -3 
1 0 2 -2 2 -2 2 -2 
0 0 0 4 -7 0 0 3 4 0 0 5 
-9 0 0 4 -7 0 0 3 4 0 0 5 
-7 0 0 -2 
-3 0 0 3 
1 0 -3 2 
1 0 0 -3 2 1 -1 
1 0 -1 0 
0 -2 -1 1 0 -1 0 0 0 0 0 0 0 0 
0 0 0 
1 0 0 
3 0 0 -3 0 -2 6 0 0 
-7 0 0 7 
-2 
2 -2 2 -1 -3 -1 
1 
0 0 0 0 0 
-5 
0 0 3 
-1 3 1 0 0 0 
0 0 0 3 
-3 0 0 3 -3 0 0 3 -3 0 0 3 -3 0 0 3 -2 0 0 0 
0 0 0 0 
7 
-2 -1 
1 2 1 
-1 -2 -1 3 -7 
2 2 1 -1 
1 2 -2 -3 2 1 
-3 
2 
-8 -1 4 
1 
0 0 0 
-1 1 -1 -2 2 0 1 
0 
0 
-2 0 
2 
3 -1 0 1 
0 -1 0 1 
-7 
-3 
2 5 0 -5 0 1 -3 
2 0 1 -1 0 0 1 -1 
8 0 0 4 -7 0 0 3 4 0 0 5 
-9 0 0 4 -7 0 0 3 4 0 0 5 -7 0 0 -2 
2 0 0 -2 -3 0 0 0 -5 0 0 0 0 0 0 0 0 0 0 0 0 0 0 0 
-1 
5 
0 
-1 0 0 0 0 
9 0 0 -3 
-8 0 -1 
-2 4 -2 4 -2 3 -1 3 2 1 -1 -2 2 -2 -2 -1 1 -1 3 0 0 0 0 2 
-2 -2 -1 
3 0 -2 0 -5 0 0 0 1 -1 0 
0 0 
0 0 0 5 0 0 0 0 0 
-5 2 2 1 
-1 1 -5 0 0 1 
3 1 -5 0 0 1 -1 
1 
0 0 0 -1 -2 3 -1 -2 2 
5 0 0 0 0 0 0 0 0 0 0 0 
0 0 0 0 
-1 
1 
-1 1 0 0 0 0 
-4 0 0 -1 1 0 0 -1 
1 -1 1 -1 1 -1 1 -1 
1 -1 
17 
0 0 4 
-2 0 0 3 
3 -3 -5 0 
1 4 
-6 0 0 3 
-9 0 0 2 
4 
1 -1 -2 2 3 -2 
2 
2 
-12 0 
5 
0 -5 1 -1 -2 5 0 2 
-5 
0 
0 
0 0 0 5 
0 0 
0 0 -2 2 0 
-11 -1 1 -1 1 -1 1 -1 -2 2 2 1 
0 
5 -1 7 1 -7 -1 -4 0 0 4 -7 0 0 3 4 0 0 5 
-9 0 0 4 -7 0 0 3 4 0 0 5 
-4 0 0 -1 
-2 0 0 2 
8 0 0 4 
-2 0 0 3 
3 -3 -5 0 
1 4 
-6 0 0 3 
-9 0 0 2 
4 
1 -1 -2 2 3 -2 
2 
2 
-12 0 
5 
0 -5 1 -1 -2 5 0 2 
-5 
0 
0 
0 0 0 5 
0 0 
0 0 -2 2 0 
-11 -1 1 -1 1 -1 1 -1 -2 2 2 1 
0 
5 -1 7 1 -7 -1 -4 0 0 4 -7 0 0 3 4 0 0 5 
-9 0 0 4 -7 0 0 3 4 0 0 5 
-4 0 0 -1 
-2 0 0 2 
5 0 0 3 
-6 0 0 1 -1 0 0 1 0 
5 -1 1 -1 
-7 1 -1 1 -1 
1 
0 2 2 1 -5 0 2 2 1 -1 
3 -2 -1 -2 6 -3 -1 -2 3 -1 -2 -2 7 -3 -2 -2 4 -2 -2 5 
0 -1 0 0 0 0 0 0 0 0 
0 0 0 
1 0 0 
-3 0 0 3 0 -2 0 0 0 -3 0 -2 -8 0 0 7 
-2 
2 -2 7 -1 -2 2 
2 -2 0 0 0 -1 0 0 0 
0 
0 0 3 
-1 3 -5 0 0 0 
-6 0 0 3 
-3 0 0 3 -3 0 0 3 -3 0 0 3 -3 0 0 3 -2 0 0 4 
-2 0 0 3 
7 
0 0 0 1 
-1 
-4 -1 4 1 -1 -2 2 3 -2 
2 
2 
-12 0 
1 
4 -2 2 1 
-3 -2 2 1 
-9 1 2 -2 -1 1 1 -1 -2 2 1 -1 -2 2 1 -1 1 -1 1 -1 0 
0 0 
2 1 2 -2 2 -3 
1 0 2 -2 2 -2 2 2 
-4 0 0 4 -7 0 0 3 4 0 0 5 
-9 0 0 4 -7 0 0 3 4 0 0 5 -4 0 0 -1 
1 0 0 -1 -2 0 0 -2 4 0 0 0 0 0 0 0 0 0 0 0 0 0 0 0 
-1 
0 8 0 0 -3 
-4 0 0 0 0 0 0 0 -3 -5 
1 
-1 1 4 
-2 3 -1 3 -2 4 -2 4 -2 3 -1 3 -2 0 0 0 0 0 -5 0 0 0 1 -1 1 -1 -2 2 
0 0 0 
7 -6 0 -1 0 0 -2 0 0 2 -2 
-1 -2 3 
-3 -2 -1 3 5 -2 -1 3 0 -2 -1 1 2 2 2 1 
-5 0 -8 1 
4 -4 
7 0 4 1 -12 0 7 
-2 
0 0 0 -1 -2 3 -1 -2 2 
-4 0 0 0 0 0 0 0 0 0 0 4 
-2 0 0 3 
6 
1 -8 3 
4 1 -8 3 
-2 
0 0 -1 1 0 0 -1 1 0 0 -1 
1 -1 1 -1 1 -1 1 -1 
1 2 
12 
1 -1 1 -1 1 
0 0 0 -1 16 1 
-1 0 0 3 
-26 
8 1 2 4 -1 -7 9 
1 
-1 
-6 0 
4 
-5 2 3 -2 -3 2 3 -2 -3 3 3 -4 -5 3 3 -5 4 -1 
-1 -1 -1 
0 
0 0 -2 
9 -2 
-1 -2 -2 2 12 -22 3 -2 0 2 2 3 2 0 -5 
-4 0 0 4 5 0 0 3 4 0 0 5 
-21 0 0 4 5 0 0 3 4 0 0 5 
-16 0 0 -1 
17 0 0 -5 
-9 
1 -1 
1 -1 1 0 0 0 -1 16 1 
-1 0 0 3 
-26 
8 1 2 4 -1 -7 9 
1 
-1 
-6 0 
4 
-5 2 3 -2 -3 2 3 -2 -3 3 3 -4 -5 3 3 -5 4 -1 
-1 -1 -1 
0 
0 0 -2 
9 -2 
-1 -2 -2 2 12 -22 3 -2 0 2 2 3 2 0 -5 
-4 0 0 4 5 0 0 3 4 0 0 5 
-21 0 0 4 5 0 0 3 4 0 0 5 
-16 0 0 -1 
17 0 0 -5 
-16 
2 1 -1 
1 -1 1 -1 2 1 -1 1 -1 
0 
0 1 2 0 0 2 1 -5 0 2 2 
1 -5 0 2 2 1 -1 15 -12 -2 -1 -2 
6 -3 -1 -2 3 -1 -2 -2 7 -3 -2 -2 4 -2 -2 5 
0 -4 0 0 0 0 -1 0 0 0 
-2 0 0 
-2 0 0 
0 0 0 
4 0 7 
-4 0 0 -1 0 0 0 
-1 
1 -1 1 -1 -2 -2 
-1 -2 -1 0 0 0 0 0 0 
7 
0 0 3 
-1 3 -8 0 0 0 
9 0 0 3 -3 0 0 3 -3 0 0 3 -3 0 0 3 -3 0 0 3 -3 0 0 3 -2 0 0 4 
-2 0 0 3 
-10 
0 
-3 3 1 4 -4 4 -5 
1 -1 5 -5 4 1 
-7 
2 
-8 
0 0 0 1 0 0 0 
8 1 2 4 -1 -7 9 
1 
-1 
-12 0 
1 
-5 
0 0 7 
-2 7 0 -12 2 3 -2 9 2 3 -2 -15 2 3 -2 6 3 3 -1 -7 3 3 -1 -1 
-3 
-3 
0 0 -3 
0 
1 -1 1 -1 -2 12 5 
-2 0 -1 -2 -2 -3 1 -1 
-4 0 0 4 -7 0 0 3 4 0 0 5 
-9 0 0 4 -7 0 0 3 4 0 0 5 -7 0 0 -2 
2 0 0 -2 2 0 0 2 0 0 0 0 0 0 0 0 0 0 0 0 0 0 0 0 4 0 0 0 
0 -9 0 0 -3 
11 0 0 0 0 -3 0 0 -3 -4 0 0 4 
-2 3 -5 0 0 4 -2 3 -5 0 0 4 
-2 3 -1 3 -2 4 -2 4 -2 3 -1 3 -2 4 -2 3 2 1 -1 -2 2 -2 -2 -1 1 -1 -2 -1 1 -2 -2 -1 
4 5 -2 
2 1 -3 2 3 -5 3 -5 12 -17 -2 
-1 -2 3 
-3 -2 -1 3 5 -2 -1 3 0 -2 -1 1 2 2 2 1 
-1 1 -1 1 
-8 1 
6 1 -1 1 -5 1 -1 
-5 
0 0 0 2 1 -3 2 1 -1 
8 0 0 0 0 0 0 0 0 0 0 4 
-2 0 0 3 
-17 
4 
-4 4 1 0 0 -1 
1 0 0 -1 1 0 0 -1 
1 -1 1 -1 1 -1 1 -1 
4 -1 
-7 
0 0 0 4 -4 
-1 0 0 3 
-2 0 0 0 -1 0 1 
0 
0 
1 0 
1 
-5 
0 0 7 
-2 7 0 
-5 
0 
0 
0 0 -2 
7 0 0 0 -5 -4 2 7 
0 0 -5 0 0 5 -5 
-7 
0 0 3 4 0 0 5 
-12 0 0 3 4 0 0 5 0 0 0 -5 
-2 0 0 2 
-4 0 0 0 
4 -4 
-1 0 0 3 
-2 0 0 0 -1 0 1 
0 
0 
1 0 
1 
-5 
0 0 7 
-2 7 0 
-5 
0 
0 
0 0 -2 
7 0 0 0 -5 -4 2 7 
0 0 -5 0 0 5 -5 
-7 
0 0 3 4 0 0 5 
-12 0 0 3 4 0 0 5 0 0 0 -5 
-2 0 0 2 
-7 0 0 3 
4 
-2 -1 -1 
0 0 0 0 
4 0 0 0 0 0 0 0 -4 0 0 0 0 0 0 0 
0 4 
0 -4 0 0 0 0 0 0 0 0 
2 0 0 
-2 0 0 
2 -2 
2 -2 2 -1 1 0 
-3 
0 0 
0 
0 0 3 
-3 0 0 3 -3 0 0 3 
-3 3 -3 3 -3 3 -3 0 0 5 
-4 0 0 0 
2 
2 
-5 0 0 0 1 0 0 0 
-1 
1 
0 
0 
4 0 
-4 12 0 
-10 0 0 0 -2 
0 0 0 0 2 -2 0 0 
0 0 0 0 2 -2 0 0 
0 
0 0 0 0 0 0 0 
0 0 0 0 0 0 0 0 
2 -2 -1 0 
0 3 0 0 -3 
5 0 0 0 0 
-5 
1 -1 1 -1 
-2 3 -1 3 2 -2 -2 -1 1 -1 1 
0 0 0 4 
-2 -2 -1 3 0 0 -2 0 -1 0 0 1 0 
0 0 0 
0 0 0 4 0 -2 2 
-5 1 -1 1 4 -4 
-1 1 -1 1 -1 1 -1 1 0 0 0 
0 0 0 4 
-4 
0 0 0 0 0 0 0 0 0 0 4 
-4 0 0 0 
0 0 0 0 
0 0 0 0 0 0 0 0 
0 0 0 0 0 0 0 0 
0 0 
0 
0 0 -5 0 5 
-5 0 
0 0 5 -5 0 0 
0 
-5 10 
-5 
-5 
-2 
0 12 -5 5 
0 0 -5 0 5 
-5 0 
0 0 5 -5 0 0 
0 
-5 10 
-5 
-5 
-2 
0 12 -5 
5 7 0 -7 0 -5 0 
-4 
0 0 0 0 -3 0 0 0 
0 0 0 
5 
14 0 0 -14 0 0 
7 0 -5 
12 0 
0 0 
-14 0 0 0 0 0 
-5 0 0 0 
0 0 0 0 7 
5 -5 
0 
0 0 
0 0 5 -5 0 0 
0 
5 
-7 
0 
2 
5 -5 0 0 5 -7 
-2 4 5 -5 0 -4 2 2 
5 
0 0 -5 5 0 0 -5 
5 0 0 -5 5 0 0 -5 0 0 0 0 0 0 0 0 0 0 0 0 0 0 0 0 
0 0 0 0 
0 0 0 0 0 
5 0 
0 
0 0 0 0 0 -5 0 0 0 5 0 0 0 0 -5 
0 0 0 5 
0 -5 0 0 0 5 0 -5 0 
0 0 0 0 0 0 0 0 5 0 0 0 0 0 0 0 0 0 0 0 
-5 0 
0 0 5 0 
-5 0 0 0 0 0 0 0 5 0 -5 
5 
0 0 -5 
5 0 0 0 
0 0 0 0 
0 0 0 -5 
5 0 0 -5 5 0 0 -5 
5 -5 5 -5 5 -5 5 -5 
5 7 
17 
0 0 -5 0 5 
-5 0 
0 0 5 -5 0 0 0 0 0 0 0 0 0 0 0 0 0 0 0 0 0 0 
5 
-5 
5 
0 -5 
5 0 0 -5 0 5 
-5 0 
0 0 5 -5 0 0 0 0 0 0 0 0 0 0 0 0 0 0 0 0 0 0 
5 
-5 
5 
0 -5 
5 -5 0 5 0 -5 
0 0 0 0 0 0 0 0 
5 0 0 0 0 0 0 0 0 0 0 0 
0 0 0 0 
0 0 0 
0 
0 0 -5 
5 0 0 0 
-1 1 -1 1 -1 1 -1 1 -1 1 -1 1 -1 1 -1 1 -1 1 -1 1 -1 1 
0 0 0 0 
-1 1 -1 1 -1 1 -1 1 -1 1 -1 1 -1 1 -1 1 -1 1 -1 1 -1 1 -1 1 
-5 
5 -5 
0 
0 0 
0 
0 5 -5 0 0 0 0 0 0 0 0 0 0 0 0 0 0 0 0 0 0 
5 
0 0 0 -5 
5 0 0 -5 
5 
-1 1 -1 1 -1 1 -1 1 -1 1 0 
-5 
5 -5 0 5 0 0 -1 1 -1 1 -1 1 -1 1 -1 1 -1 1 -1 
-4 
0 
5 -5 0 5 0 -5 
5 0 0 -5 5 0 0 -5 
5 0 0 -5 5 0 0 -5 0 0 0 0 0 0 0 0 0 0 0 0 0 0 0 0 
0 0 0 0 0 0 0 0 0 0 0 0 0 0 0 0 0 0 0 0 
0 0 0 0 
5 
0 
0 
0 0 0 0 0 -5 0 0 0 5 0 0 0 0 -5 
0 0 0 0 
0 0 0 0 0 0 0 0 0 0 0 0 0 0 0 5 0 0 0 0 -5 0 0 0 5 0 -5 0 
0 0 0 0 0 0 0 0 5 0 0 
0 0 0 
-5 0 
0 0 
5 0 
-5 0 0 0 0 0 0 0 5 0 -5 
5 
0 0 -5 
5 0 0 0 
-1 1 -1 1 -1 1 -1 1 -1 1 -1 1 -1 1 -1 1 -1 1 -1 1 -1 1 
0 0 0 0 -1 1 -1 1 -1 1 -1 1 -1 1 -1 1 -1 1 -1 1 -1 1 -1 1 -1 1 -1 1 -1 1 -1 1 -1 1 -1 1 -1 1 -1 1 -1 
1 
0 0 -5 
5 0 0 -5 5 0 0 -5 
5 -5 5 -5 5 -5 5 -5 
5 -5 
-19 
0 0 4 
-2 0 0 3 
-13 0 0 3 
-5 0 0 3 
-5 0 2 2 
1 -5 0 2 2 1 -5 0 2 2 19 
-10 -6 10 -9 -8 
11 0 0 3 
-3 0 0 3 2 -5 0 0 3 2 -4 -5 0 0 
1 0 0 -3 0 2 0 0 -3 0 1 0 -3 0 1 0 -3 0 2 0 -3 0 1 0 -3 0 2 0 -4 0 1 0 -3 2 -3 0 0 3 5 0 0 4 3 5 0 4 3 0 0 1 -30 3 0 3 4 2 0 3 3 4 2 3 3 -1 0 0 -27 0 0 3 3 0 0 3 3 0 0 3 3 0 0 0 
11 
-7 -5 
0 
-5 1 -1 -2 5 0 2 0 -5 1 -1 -2 5 0 2 0 -2 -1 1 2 -2 2 2 -5 -2 -2 2 2 -2 2 1 -3 -2 -1 1 2 -2 -1 1 2 -2 -1 1 2 -2 -1 1 2 -2 -1 1 -1 -3 -1 
-2 
2 2 0 1 2 2 0 1 2 -2 -3 2 5 3 -7 2 4 3 -7 2 3 4 5 -23 -1 1 -1 1 -1 1 -1 -2 2 2 0 1 2 2 0 1 2 -2 -3 2 5 3 -7 2 4 3 -7 2 3 4 5 -12 -12 0 7 
-2 0 0 -2 -3 0 0 0 
0 0 0 0 -4 0 0 -1 
20 0 0 4 
-2 0 0 3 
-13 0 0 3 
-5 0 0 3 
-5 0 2 2 
1 -5 0 2 2 1 -5 0 2 2 19 
-10 -6 10 -9 -8 
11 0 0 3 
-3 0 0 3 2 -5 0 0 3 2 -4 -5 0 0 
1 0 0 -3 0 2 0 0 -3 0 1 0 -3 0 1 0 -3 0 2 0 -3 0 1 0 -3 0 2 0 -4 0 1 0 -3 2 -3 0 0 3 5 0 0 4 3 5 0 4 3 0 0 1 -30 3 0 3 4 2 0 3 3 4 2 3 3 -1 0 0 -27 0 0 3 3 0 0 3 3 0 0 3 3 0 0 0 
11 
-7 -5 
0 
-5 1 -1 -2 5 0 2 0 -5 1 -1 -2 5 0 2 0 -2 -1 1 2 -2 2 2 -5 -2 -2 2 2 -2 2 1 -3 -2 -1 1 2 -2 -1 1 2 -2 -1 1 2 -2 -1 1 2 -2 -1 1 -1 -3 -1 
-2 
2 2 0 1 2 2 0 1 2 -2 -3 2 5 3 -7 2 4 3 -7 2 3 4 5 -23 -1 1 -1 1 -1 1 -1 -2 2 2 0 1 2 2 0 1 2 -2 -3 2 5 3 -7 2 4 3 -7 2 3 4 5 -12 -12 0 7 
-2 0 0 -2 -3 0 0 0 
0 0 0 0 -4 0 0 -1 
26 0 0 1 -20 0 0 3 
-5 0 0 3 
-5 0 2 2 
1 -5 0 2 2 1 -5 0 2 2 0 0 1 2 0 0 2 1 0 0 2 1 
-4 0 -2 -2 4 0 -2 -2 
-2 
-1 -2 -1 -1 0 0 
7 0 -2 -1 5 -4 -1 -2 7 -4 -1 -2 5 -3 -2 -2 7 -3 -2 -2 4 -2 -2 -1 0 0 0 0 0 0 0 0 
-1 0 0 0 0 0 0 0 0 0 0 0 
2 0 0 0 
1 0 0 
-1 0 0 0 7 -2 7 
-4 0 -3 
-5 0 3 4 0 0 7 
-2 7 
-4 0 -3 
-5 0 3 
12 -1 1 -1 -1 -3 -1 
-1 -2 12 0 0 -1 0 0 0 
-12 0 0 3 
-1 3 
7 0 0 0 
-18 0 0 3 -3 0 0 3 -3 0 0 3 -3 0 0 3 -3 0 0 3 -2 0 0 4 
-2 0 0 3 
6 0 0 1 -8 0 0 3 
4 0 0 1 -10 0 0 3 
-5 0 2 2 
1 -5 0 2 2 1 -5 0 2 2 19 
-10 -6 
17 
-7 -9 -8 
11 0 0 3 
2 -5 0 0 3 3 0 0 3 3 0 0 1 -16 0 0 -1 5 -5 0 0 
1 0 0 -3 0 2 0 0 -3 0 1 0 -3 0 1 0 -3 0 2 0 -3 0 1 0 -3 0 2 0 -4 0 1 0 -3 2 -3 0 0 3 5 0 0 4 3 5 0 4 3 0 0 1 -30 3 0 3 4 2 0 3 3 4 2 3 3 -1 0 0 -27 0 0 3 3 0 0 3 3 0 0 3 3 0 0 3 
-1 
0 
-5 1 -1 -2 5 0 2 0 -5 1 -1 -2 5 0 2 -3 -2 -1 1 
0 -2 -1 1 -3 -2 -1 1 2 -2 -1 1 2 -2 -1 1 2 -2 -1 1 1 -1 -2 2 1 -1 -2 2 1 -1 1 -1 1 -1 0 
-2 
2 2 0 1 2 2 0 1 2 -2 -3 2 5 3 -7 2 4 3 -7 2 3 4 5 -23 -1 1 -1 1 -1 1 -1 -2 2 2 0 1 2 2 0 1 2 -2 -3 2 5 3 -7 2 4 3 -7 2 3 4 5 -12 -12 0 7 
-2 0 0 -2 -3 0 0 0 
0 0 0 0 -4 0 0 -1 0 0 0 0 0 0 0 0 0 0 0 0 0 0 0 -1 0 0 0 0 0 0 0 0 0 0 0 0 0 0 0 0 
-2 0 0 0 0 0 0 0 0 0 0 0 0 0 0 0 0 0 0 0 
16 -1 -2 -1 -2 -2 -1 1 -1 1 -1 1 
8 -1 -2 -1 -2 -2 -1 1 -1 1 -1 1 -1 1 -3 2 1 2 -3 1 2 2 -4 2 2 1 -3 2 1 2 -3 1 2 2 -4 2 2 2 -4 2 2 1 -3 2 3 -2 4 -4 5 -5 4 -4 2 -2 4 -4 2 -2 0 -5 4 -4 5 -5 4 -4 1 -6 5 -5 6 -6 5 -5 3 -5 4 
3 -2 -1 -2 3 -1 -2 -2 4 -2 -2 -1 3 -2 -2 -2 4 -2 -2 -1 5 -1 5 -2 3 -1 -2 -2 1 -1 12 -5 
9 -2 -2 4 
-8 -1 -2 3 0 -1 -2 3 
3 1 
-13 1 16 
-9 -7 
17 -9 -8 4 1 2 2 2 1 
-1 1 -13 1 16 
-9 -7 
17 -9 -8 24 
-17 
-7 0 0 0 
0 0 0 7 -7 0 0 0 0 0 0 0 0 0 0 0 0 0 0 4 
-2 0 0 3 
6 0 0 1 -8 0 0 3 
4 0 0 1 -8 0 0 3 
-7 0 0 0 0 0 0 0 0 0 0 0 
17 
-9 -8 16 -9 -7 17 -9 -8 16 -9 -7 12 -7 -9 16 -8 -9 17 -7 -9 16 -8 -9 
29 -7 -9 16 -8 -9 
5 
0 0 4 
-2 0 0 3 
-5 0 0 4 
-4 0 0 5 
-5 
4 0 -2 -2 
4 0 -2 -2 -7 0 7 
7 
-7 -8 
19 -10 -6 17 -7 -9 
3 
0 0 3 
3 0 0 3 
-1 
-2 0 0 3 -1 -7 0 4 -2 -3 0 3 -2 0 0 4 -5 0 0 3 -5 0 0 3 -5 12 0 4 -8 0 0 6 -7 0 0 5 -8 0 0 3 -2 -5 0 0 0 0 0 0 0 0 0 0 0 0 0 0 1 -6 3 0 3 4 2 0 3 3 4 -10 3 3 -1 0 -12 -3 0 0 3 3 0 0 3 3 0 0 3 -9 0 0 0 
11 
-7 -5 
3 
-1 0 1 0 -1 0 1 0 -1 0 1 0 
0 2 -3 -2 0 2 5 
-2 -1 1 2 -2 -1 1 2 -2 -1 1 2 -2 -1 1 2 -2 -1 1 -1 -3 -13 
-2 
2 2 0 1 2 2 0 1 2 -2 -3 2 5 3 -7 2 4 3 -7 2 3 4 5 -11 -1 1 -1 1 -1 1 -1 -14 2 2 0 1 2 2 0 1 2 -2 -3 2 5 3 -7 2 4 3 -7 2 3 4 5 -12 -12 0 19 
1 0 0 -1 -11 0 0 -1 
1 0 0 -1 -2 0 0 
14 
-7 -9 
12 0 0 4 
-2 0 0 3 
-5 0 0 4 
-4 0 0 5 
-5 
4 0 -2 -2 
4 0 -2 -2 -7 0 7 
7 
-7 -8 
19 -10 -6 17 -7 -9 
3 
0 0 3 
3 0 0 3 
-1 
-2 0 0 3 -1 -7 0 4 -2 -3 0 3 -2 0 0 4 -5 0 0 3 -5 0 0 3 -5 12 0 4 -8 0 0 6 -7 0 0 5 -8 0 0 3 -2 -5 0 0 0 0 0 0 0 0 0 0 0 0 0 0 1 -6 3 0 3 4 2 0 3 3 4 -10 3 3 -1 0 -12 -3 0 0 3 3 0 0 3 3 0 0 3 -9 0 0 0 
11 
-7 -5 
3 
-1 0 1 0 -1 0 1 0 -1 0 1 0 
0 2 -3 -2 0 2 5 
-2 -1 1 2 -2 -1 1 2 -2 -1 1 2 -2 -1 1 2 -2 -1 1 -1 -3 -13 
-2 
2 2 0 1 2 2 0 1 2 -2 -3 2 5 3 -7 2 4 3 -7 2 3 4 5 -11 -1 1 -1 1 -1 1 -1 -14 2 2 0 1 2 2 0 1 2 -2 -3 2 5 3 -7 2 4 3 -7 2 3 4 5 -12 -12 0 19 
1 0 0 -1 -11 0 0 -1 
1 0 0 -1 -2 0 0 
14 
-7 -9 
18 0 0 1 
-12 0 0 4 
-4 0 0 5 
-1 0 0 -2 -2 
4 0 -2 -2 
9 0 -2 -2 4 0 -2 -2 
-2 
-1 -2 -1 -1 7 0 -2 3 -13 0 -2 3 4 
7 0 -2 -1 5 -4 -1 -2 7 -4 -1 -2 5 -3 -2 -2 7 -3 -2 -2 4 -2 -2 5 -9 0 0 0 0 0 0 0 
8 0 0 0 -9 0 0 0 0 0 0 0 
0 0 0 0 
6 0 0 
-1 0 0 0 0 0 7 
-2 7 
-4 0 -3 
-5 0 3 4 0 0 7 
-2 7 
-4 0 -3 
-5 0 3 
6 -2 2 -2 -1 4 -8 
6 3 -1 0 0 0 0 0 0 
-5 0 0 3 
-1 3 
1 0 0 0 
-12 0 0 3 -3 0 0 3 -3 0 0 3 -3 0 0 3 -3 0 0 3 -2 0 0 4 
-2 0 0 3 
-5 0 0 4 
-4 0 0 5 
-1 0 -2 -2 
4 0 -2 -2 8 -1 -2 -1 
7 
-10 -6 
17 
-7 -9 -8 
17 0 0 3 
-1 -8 0 0 3 3 0 0 3 3 0 0 1 -7 0 0 -1 0 -4 0 2 
-3 0 3 -2 0 0 4 -5 0 0 3 -5 0 0 3 -5 12 0 4 -8 0 0 6 -7 0 0 5 -8 0 0 3 -2 -5 0 0 0 0 0 0 0 0 0 0 0 0 0 0 1 -6 3 0 3 4 2 0 3 3 4 -10 3 3 -1 0 -12 -15 0 0 3 3 0 0 3 3 0 0 3 3 0 0 12 
-10 
3 
-1 0 1 0 -1 0 1 -6 3 0 2 -4 
0 2 2 
-2 -1 1 2 -2 -1 1 2 -2 -1 1 2 -2 -1 1 1 -1 -2 2 1 -1 -2 2 1 -1 1 -1 1 -1 -12 
-2 
2 2 0 1 2 2 0 1 2 -2 -3 2 5 3 -7 2 4 3 7 0 -5 0 1 -7 -1 1 -1 1 -1 1 -1 -14 2 2 0 1 2 2 0 1 2 -2 -3 2 5 3 -7 2 4 3 -7 2 3 4 5 -12 -12 0 15 
5 0 0 -1 -11 0 0 -1 
1 0 0 -1 -7 0 0 3 0 0 0 -1 0 0 0 -2 0 0 0 -1 0 0 0 7 0 0 0 0 0 0 0 0 0 0 0 0 0 0 0 0 
-11 0 0 0 0 0 0 0 0 0 0 0 0 0 0 0 0 0 0 0 
13 -1 -2 -1 -2 -2 -1 1 -1 1 -1 1 
8 -1 -2 -1 -2 -2 -1 1 -1 1 -1 1 -1 1 -3 2 1 2 -3 1 2 2 -4 2 2 1 -3 2 1 2 -3 1 2 2 -4 2 2 2 -4 2 2 1 -3 2 3 -2 4 -4 5 -5 4 -4 2 -2 4 -4 2 -2 0 -5 4 -4 5 -5 4 -4 1 -6 5 -5 6 -6 5 -5 3 -5 4 
3 -2 -1 -2 3 -1 -2 -2 4 -2 -2 -1 3 -2 -2 -2 4 -2 -2 -1 5 -1 5 -2 3 -1 -2 -2 1 -1 12 -5 
9 -2 -2 4 
4 -1 -2 3 0 -1 -2 3 
-6 2 
-2 2 0 
-9 -7 
17 -9 -8 16 -7 10 -7 11 -7 
-2 2 -14 2 12 
-9 -7 
17 -9 -8 24 
-17 
5 0 0 0 
0 0 0 7 -7 0 0 0 0 0 0 0 0 0 0 0 0 0 0 4 
-2 0 0 3 
-5 0 0 4 
-4 0 0 4 -8 0 0 -1 
1 0 0 -1 1 0 0 -1 
17 
-7 -9 16 -8 -9 17 -7 -9 16 -8 -9 10 -9 -8 16 -9 -7 17 -9 -8 16 -9 -7 
24 -7 -9 16 -8 -9 
17 
0 0 4 
-2 0 0 3 
-18 0 0 1 
-1 0 0 1 
5 
-1 0 0 -2 -2 
4 0 -2 -2 
5 -1 
7 1 
-1 0 0 3 
-3 0 0 1 
-1 0 0 1 
-8 0 3 -2 -3 0 3 -1 0 0 3 -5 0 0 6 -8 0 0 9 -10 12 0 3 -5 0 0 3 -5 0 0 4 -9 0 0 3 -1 12 0 0 0 0 0 0 0 0 0 0 0 0 0 0 -2 0 0 0 0 0 0 0 0 0 0 0 0 0 2 0 0 -3 0 0 0 0 0 0 0 0 0 0 0 0 0 0 0 
1 
-10 
-2 3 -1 0 -2 3 -1 0 -2 3 -1 0 -1 0 4 -5 -2 0 4 
6 
0 0 0 
-1 0 0 0 -1 0 0 0 -1 0 0 0 0 0 0 0 
0 0 -2 
12 -1 
-2 -2 -1 -2 0 5 0 -5 0 5 0 -5 0 3 0 -3 0 2 0 -2 0 -7 2 5 3 -7 2 4 3 -7 2 3 4 1 -12 -3 3 7 
-3 0 0 0 0 0 0 0 
0 0 0 0 0 0 0 -5 
8 0 0 4 
-2 0 0 3 
-18 0 0 1 
-1 0 0 1 
5 
-1 0 0 -2 -2 
4 0 -2 -2 
5 -1 
7 1 
-1 0 0 3 
-3 0 0 1 
-1 0 0 1 
-8 0 3 -2 -3 0 3 -1 0 0 3 -5 0 0 6 -8 0 0 9 -10 12 0 3 -5 0 0 3 -5 0 0 4 -9 0 0 3 -1 12 0 0 0 0 0 0 0 0 0 0 0 0 0 0 -2 0 0 0 0 0 0 0 0 0 0 0 0 0 2 0 0 -3 0 0 0 0 0 0 0 0 0 0 0 0 0 0 0 
1 
-10 
-2 3 -1 0 -2 3 -1 0 -2 3 -1 0 -1 0 4 -5 -2 0 4 
6 
0 0 0 
-1 0 0 0 -1 0 0 0 -1 0 0 0 0 0 0 0 
0 0 -2 
12 -1 
-2 -2 -1 -2 0 5 0 -5 0 5 0 -5 0 3 0 -3 0 2 0 -2 0 -7 2 5 3 -7 2 4 3 -7 2 3 4 1 -12 -3 3 7 
-3 0 0 0 0 0 0 0 
0 0 0 0 0 0 0 -5 
14 0 0 1 
-12 
-1 0 0 1 -1 0 0 1 0 -2 
-1 -2 -1 -1 0 0 2 2 
1 -5 0 2 2 1 -5 0 2 2 0 0 1 2 0 0 2 1 0 0 2 1 
-4 0 -2 -2 4 0 -2 -2 0 0 2 2 0 0 1 2 0 0 2 2 0 0 1 2 -12 0 2 1 0 0 2 1 0 0 3 1 0 0 2 -10 -4 0 2 2 0 0 1 2 2 2 1 2 -12 0 0 0 0 0 0 0 
11 0 0 0 -12 0 0 0 0 0 0 0 
-1 0 0 0 
-2 0 0 
10 0 0 
-18 
3 3 4 2 3 3 4 -5 -22 3 3 4 2 3 3 4 -5 
0 0 5 -1 -2 7 -2 
-1 1 -1 0 0 4 0 0 0 
-12 0 0 0 
0 0 
9 0 0 0 
-3 0 0 3 -3 0 0 3 -3 0 0 3 -3 0 0 3 -3 0 0 3 -2 0 0 4 
-2 0 0 3 
-10 
0 1 0 -1 
1 
8 0 -2 -2 0 -2 -2 -1 4 1 
-1 0 0 1 0 -1 0 0 3 3 0 0 -9 3 0 0 1 0 0 0 0 -5 -3 0 1 
-3 0 3 -1 0 0 3 -5 0 0 6 -8 0 0 9 -10 12 0 3 -5 0 0 3 -5 0 0 4 -9 0 0 3 -1 12 0 0 0 0 0 0 0 0 0 0 0 0 0 0 -2 0 0 0 0 0 0 0 0 0 0 0 0 0 2 0 -6 -18 0 0 3 3 0 0 3 3 0 0 3 3 0 0 -3 
-2 
2 
-2 3 -1 0 -2 3 -1 -7 3 0 4 -5 -1 0 4 
6 
0 0 0 
-3 0 0 0 6 
-2 -1 1 1 -1 -2 2 1 -1 -2 2 1 -1 1 -1 1 -1 -10 
15 
0 -2 0 -3 0 2 0 -2 0 3 0 -3 0 5 0 -7 0 5 0 -3 0 5 
0 0 -5 0 5 0 -5 0 3 0 -3 0 2 0 -6 0 -3 2 5 3 -7 2 4 3 -7 2 3 4 -11 0 -3 0 7 
0 0 0 0 -12 0 0 0 
0 0 0 0 12 0 0 -12 0 0 0 2 0 0 0 5 0 0 0 4 0 0 0 0 -12 0 0 0 0 0 0 0 0 0 0 0 0 0 0 0 
11 0 0 0 -12 0 0 0 0 0 0 0 0 0 0 0 0 0 0 0 
2 0 0 4 
-2 3 
-5 0 0 4 -2 3 -5 0 0 4 
-2 3 -1 3 -2 4 -2 4 -2 3 -1 3 -2 4 -2 3 -10 1 -1 -2 2 -2 -2 -1 1 -1 -2 -1 13 -2 -2 -1 
-2 -1 -2 3 -1 -2 -2 4 -2 -2 -1 3 -2 -2 -2 4 -2 -2 -1 5 -1 5 -2 3 -1 -2 -2 1 -1 12 -5 
9 -2 -2 4 
-4 -2 -2 4 0 -2 -2 4 
-1 1 
2 -7 -7 
12 -5 2 2 1 2 2 
-5 1 -10 5 -7 
0 7 
5 0 0 0 
0 0 0 -5 5 0 0 0 0 0 0 0 0 0 0 0 0 0 0 4 
-2 0 0 3 
-5 0 0 -5 
5 0 0 -5 5 0 0 -5 
5 -5 5 -5 -7 -5 5 -5 
17 7 
5 
0 0 4 
-2 0 0 3 
-22 
1 -1 
1 -1 1 0 0 0 -1 16 1 
-1 0 0 3 
-2 0 0 -5 
5 0 0 -5 
0 0 0 0 0 0 0 0 
0 0 0 0 0 0 0 
0 0 0 5 0 -5 0 0 0 0 0 0 0 0 0 0 0 0 0 0 0 0 0 0 
-2 
4 0 0 -5 
5 0 0 -5 5 0 0 -5 3 0 0 -5 2 0 0 -5 
-7 
-2 -1 1 2 -2 -1 1 2 -2 -1 1 2 -2 -1 1 2 -2 -1 1 -1 6 -2 
12 -1 
-2 -2 -1 -2 12 -4 -3 3 -3 2 -4 2 -3 1 -3 2 -4 2 12 -12 12 -5 
5 
0 0 -5 5 0 0 -5 
5 0 0 -5 5 0 0 -5 
8 0 0 4 
-2 0 0 3 -22 
1 -1 
1 -1 1 0 0 0 -1 16 1 
-1 0 0 3 
-2 0 0 -5 
5 0 0 -5 
0 0 0 0 0 0 0 0 
0 0 0 0 0 0 0 
0 0 0 5 0 -5 0 0 0 0 0 0 0 0 0 0 0 0 0 0 0 0 0 0 
-2 
4 0 0 -5 
5 0 0 -5 5 0 0 -5 3 0 0 -5 2 0 0 -5 
-7 
-2 -1 1 2 -2 -1 1 2 -2 -1 1 2 -2 -1 1 2 -2 -1 1 -1 6 -2 
12 -1 
-2 -2 -1 -2 12 -4 -3 3 -3 2 -4 2 -3 1 -3 2 -4 2 12 -12 12 -5 
5 
0 0 -5 5 0 0 -5 
5 0 0 -5 5 0 0 -5 
14 0 0 1 
-24 
-1 0 0 1 -1 0 0 1 0 -2 
-1 -2 -1 -1 0 0 2 2 
1 -5 0 2 2 1 -5 0 2 2 0 0 1 2 0 0 2 1 0 0 2 1 
-4 0 -2 -2 4 0 -2 -2 0 0 2 2 0 0 1 2 0 0 2 2 0 0 1 2 -12 0 2 1 0 0 2 1 0 0 3 1 0 0 2 2 -16 0 2 2 0 0 1 2 2 2 1 2 0 0 0 0 0 0 0 0 
-1 0 0 0 0 0 0 0 0 0 0 0 
-1 0 0 0 
-2 0 0 
-2 0 0 
-6 
3 3 4 2 3 3 4 -5 -22 3 3 4 2 3 3 4 -5 
5 -1 1 -1 -2 -2 -1 
-2 -2 11 0 0 0 0 0 0 
-8 0 0 3 
-1 3 
-2 0 0 0 3 0 0 3 
-3 0 0 3 -3 0 0 3 -3 0 0 3 -3 0 0 3 -3 0 0 3 -2 0 0 4 
-2 0 0 3 
-10 
0 1 0 -1 
1 -1 5 -5 4 1 
0 
0 0 -5 -8 0 0 3 3 0 0 3 3 0 0 1 -12 0 0 7 0 0 0 0 
0 0 0 0 0 0 0 0 0 0 0 0 0 0 0 0 
0 0 0 5 0 -5 0 0 -15 0 0 3 3 0 0 3 3 0 0 3 3 0 0 -3 
1 
4 0 0 -5 5 0 0 -5 0 0 0 -5 
3 0 0 -5 
-10 
-2 -1 1 2 -2 -1 1 2 -2 -1 1 2 -2 -1 1 1 -1 -2 2 1 -1 -2 2 1 -1 1 -1 1 -1 5 
3 -1 
-2 -2 -1 -2 12 8 -3 3 -3 2 -4 2 -3 1 -3 2 -4 2 12 -12 12 -5 
5 
0 0 -5 5 0 0 -5 
5 0 0 -5 5 0 0 -5 0 0 0 4 0 0 0 -8 0 0 0 -1 0 0 0 12 -12 0 0 0 0 0 0 0 0 0 0 0 0 0 0 0 
11 0 0 0 -12 0 0 0 0 0 0 0 0 0 0 0 0 0 0 0 
-13 0 0 4 
-2 3 
-5 0 0 4 -2 3 -5 0 0 4 
-2 3 -1 3 -2 4 -2 4 -2 3 -1 3 -2 4 -2 3 2 1 -1 -2 2 -2 -2 -1 1 -1 -2 -1 1 -2 -2 -1 
4 5 -2 
2 1 -3 2 3 -5 3 -5 12 -5 
9 
-2 -2 4 
-4 -2 -2 4 0 -2 -2 4 
-10 5 
-5 5 -7 
12 -17 5 -1 5 -2 5 
-5 5 -5 5 -7 
12 -5 
5 
0 0 -5 5 0 0 0 0 0 0 0 0 0 0 0 0 0 0 4 
-2 0 0 3 
-5 
0 0 0 -5 
5 0 0 -5 5 0 0 -5 
5 -5 5 -5 -7 -5 5 -5 
17 -5 
5 
0 0 4 
-2 0 0 3 
3 0 0 -1 
4 1 
-1 0 0 3 
-2 0 0 -5 
5 0 0 -5 
0 0 0 0 0 0 0 0 
0 0 0 0 0 0 0 
0 0 0 5 0 -5 0 0 0 0 0 0 0 0 0 0 0 0 0 0 0 0 0 0 
-2 
4 0 0 -5 
5 0 0 -5 5 0 0 -5 3 0 0 -5 2 0 0 -5 
-1 0 0 0 
-1 0 0 0 -1 0 0 0 -1 0 0 0 0 0 0 0 
0 0 -2 
12 -1 
-2 -2 -1 -2 12 -4 -3 3 -3 2 -4 2 -3 1 -3 2 -4 2 12 -12 12 -5 
5 
0 0 -5 5 0 0 -5 
5 0 0 -5 5 0 0 -5 
-4 0 0 4 
-2 0 0 3 
3 0 0 -1 
4 1 
-1 0 0 3 
-2 0 0 -5 
5 0 0 -5 
0 0 0 0 0 0 0 0 
0 0 0 0 0 0 0 
0 0 0 5 0 -5 0 0 0 0 0 0 0 0 0 0 0 0 0 0 0 0 0 0 
-2 
4 0 0 -5 
5 0 0 -5 5 0 0 -5 3 0 0 -5 2 0 0 -5 
-1 0 0 0 
-1 0 0 0 -1 0 0 0 -1 0 0 0 0 0 0 0 
0 0 -2 
12 -1 
-2 -2 -1 -2 12 -4 -3 3 -3 2 -4 2 -3 1 -3 2 -4 2 12 -12 12 -5 
5 
0 0 -5 5 0 0 -5 
5 0 0 -5 5 0 0 -5 
2 0 0 1 
5 
-5 
5 -5 5 -5 
3 -5 -5 5 -5 5 7 0 
0 0 0 -2 
0 0 0 0 0 0 0 -1 0 0 0 0 0 0 0 -2 0 0 0 0 0 0 0 0 
-1 0 0 0 0 0 0 0 0 0 0 0 
-1 0 0 0 
-2 0 0 
-2 0 0 
-6 
3 3 4 2 3 3 -4 3 -22 3 3 4 2 3 3 4 -5 
5 -1 1 -1 -2 -2 -1 
-2 -2 11 0 0 0 0 0 0 
-8 0 0 3 
-1 3 
-2 0 0 0 -9 0 0 3 
-3 0 0 3 -3 0 0 3 -3 0 0 3 -3 0 0 3 -3 0 0 3 -2 0 0 4 
-2 0 0 3 
2 
0 1 0 -1 
1 -1 5 -5 4 1 
0 
0 0 -5 -8 0 0 3 3 0 0 3 3 0 0 1 -12 0 0 7 0 0 0 0 
0 0 0 0 0 0 0 0 0 0 0 0 0 0 0 0 
0 0 0 5 0 -5 0 0 -15 0 0 3 3 0 0 3 3 0 0 3 3 0 0 -3 
1 
4 0 0 -5 5 0 0 -5 0 0 0 -5 
3 0 0 -5 
-1 0 0 0 
-3 0 0 0 -3 0 0 0 0 0 0 0 0 0 0 0 
0 
0 0 0 
0 3 -1 -2 -2 -1 -2 12 8 -3 3 -3 2 -4 2 -3 1 -3 2 -4 2 12 -12 12 -5 
5 
0 0 -5 5 0 0 -5 
5 0 0 -5 5 0 0 -5 0 0 0 4 0 0 0 -8 0 0 0 -1 0 0 0 12 -12 0 0 0 0 0 0 0 0 0 0 0 0 0 0 0 
11 0 0 0 -12 0 0 0 0 0 0 0 0 0 0 0 0 0 0 0 
11 0 
-13 
-2 3 -1 3 -2 4 -2 3 2 1 -1 -2 2 -2 -2 -1 1 -1 -2 -1 1 -2 -2 -1 
4 5 -2 
2 1 -3 2 3 -5 3 -5 12 -5 
-3 
-2 -2 4 
8 -2 -2 4 0 -2 -2 4 
-10 5 
-5 5 -7 
12 -17 5 -1 5 -2 5 
-5 5 -5 5 -7 
12 -5 
5 
0 0 -5 5 0 0 0 0 0 0 0 0 0 0 0 0 0 0 4 
-2 0 0 3 
-5 0 0 -5 
5 0 0 -5 5 0 0 -5 
5 -5 5 -5 -7 -5 5 -5 
17 -5 0 -80 -1 -7 0 0 0 0 0 0 0 0 0 0 0 -2 -1 0 0 0 0 0 
12 0 -2 -2 0 -7 0 -2 -1 0 5 0 0 0 0 0 -2 -2 -1 
3 0 -2 -1 0 5 0 0 0 0 0 -2 -2 -1 
2 
1 
2 2 1 2 -4 -1 
0 
-1 
1 -3 2 8 -3 -4 
2 2 
-5 
0 0 1 2 2 1 2 2 
-2 -2 -1 
-2 -2 -1 
0 0 1 2 2 1 2 2 
-9 0 4 
1 0 
-1 -2 
2 1 0 -1 0 0 
-2 -1 -1 0 0 2 
-2 -1 1 
2 0 -2 0 0 
-2 2 1 1 -2 2 1 1 0 
1 -1 1 
-1 -2 2 
1 2 0 -2 -1 0 -2 -2 
-2 
2 
1 1 3 -2 -1 -2 2 0 1 1 0 
1 -1 1 
-1 -2 2 
1 2 0 
-2 -2 0 
-1 0 0 -2 -1 0 1 0 7 0 0 0 -2 -2 0 -1 0 0 
0 0 0 0 -2 -1 0 1 0 
0 -1 0 0 1 0 
8 
0 
-1 -2 0 -1 -2 0 -2 -1 1 
1 -1 12 -2 -2 -1 -2 -1 1 2 -3 1 2 5 -2 -2 -1 -2 -1 -2 -2 2 3 -1 -2 -2 2 2 1 -1 1 -1 -2 -2 12 -2 -2 -1 -2 -1 1 2 -3 1 2 5 -2 -2 -1 -2 -1 -2 -2 2 3 -1 -2 -2 2 2 1 2 
-10 
1 
2 
2 1 -1 -2 3 -1 -2 3 -1 -2 7 0 
0 0 0 0 0 0 0 0 -2 2 -2 -1 
1 2 -2 -1 
1 2 -7 0 0 0 0 0 
0 0 0 1 1 
10 
-3 
-4 5 -3 5 0 0 0 
0 0 
0 0 0 0 0 0 0 0 0 0 -2 -1 0 0 0 0 0 
0 0 -2 -2 0 5 0 -2 -1 0 5 0 0 0 0 0 -2 -2 -1 
2 0 -2 -2 0 5 0 -2 -1 0 5 0 0 0 0 0 -2 -2 -1 
5 -2 -2 -1 
2 
1 -7 2 2 1 
4 
5 -7 
2 0 5 -9 
2 2 
0 5 -7 2 0 5 -9 2 2 0 
-1 1 -3 2 8 -3 
-4 
2 2 
-5 
0 0 1 2 2 1 2 2 
-2 -2 -1 
-2 -2 -1 
0 0 1 2 2 1 2 2 
-9 0 4 
1 0 
-1 -2 
2 1 0 -1 0 0 
-2 -1 -1 0 0 2 
-2 -1 1 
2 0 -2 0 0 
-2 2 1 1 -2 2 1 1 0 
1 -1 1 
-1 -2 2 
1 2 0 -2 -1 0 -2 -2 
-2 
2 
1 1 3 -2 -1 -2 2 0 1 1 0 
1 -1 1 
-1 -2 2 
1 2 0 
-2 -2 0 
-1 0 0 -2 -1 0 1 0 7 0 0 0 -2 -2 0 -1 0 0 
0 0 0 0 -2 -1 0 1 0 
0 -1 0 0 1 0 
2 
0 
-2 -1 
1 
1 -1 0 -2 -2 -1 -2 -1 1 2 -3 1 2 5 -2 -2 -1 -2 11 -2 -2 2 3 -1 -2 -2 2 2 1 -1 1 -1 -2 -2 0 -2 -2 -1 -2 -1 1 2 -3 1 2 5 -2 -2 -1 -2 11 -2 -2 2 3 -1 -2 -2 2 2 1 2 
-7 
-2 
-2 -1 
2 
1 -5 2 -2 -1 
1 2 -2 -1 4 2 -2 -1 0 0 1 0 9 0 0 -1 0 
-7 0 -2 -2 0 9 0 0 1 1 
-4 -2 -2 -1 5 
7 
-7 0 0 0 0 0 0 0 0 0 0 0 -2 -1 0 0 0 0 0 
0 0 -2 -2 0 5 0 -2 -1 0 5 0 0 0 0 0 -2 -2 -1 
2 0 -2 -2 0 5 0 -2 -1 0 5 0 0 0 0 0 -2 -2 -1 
7 0 0 2 
-4 3 4 -4 0 2 2 1 -1 -2 -2 -1 -2 2 1 
-8 0 5 3 -3 0 -2 
2 2 1 2 -4 -1 -5 
0 
0 
1 2 2 1 2 2 
-2 -2 -1 
-2 -2 -1 
0 0 1 2 2 1 -1 0 
5 
-7 2 0 5 -9 2 2 0 
9 1 -8 1 -3 2 8 -3 
-2 -2 -1 -1 -1 0 
5 -7 
2 0 5 -9 2 2 
0 0 
8 0 -1 -2 0 -1 -2 0 -2 -1 1 
2 -2 12 -2 -2 -1 -2 -1 1 2 -3 1 2 5 -2 -2 -1 -2 -1 -2 -2 2 3 -1 -2 -2 2 2 1 -1 1 -1 -2 -2 12 -2 -2 -1 -2 -1 1 2 -3 1 2 5 -2 -2 -1 -2 -1 -2 -2 2 3 -1 -2 -2 2 2 1 2 
-5 
0 
0 2 
-4 3 4 -4 0 2 2 1 -1 -2 -2 -1 -2 2 1 
-8 0 5 3 -3 0 -2 
2 2 1 -1 -2 3 -1 -2 3 -1 -2 7 0 
0 0 0 0 0 0 0 0 -5 2 -2 -2 
2 2 -2 -2 
0 0 0 0 0 
-2 0 -2 -1 0 
7 0 0 2 3 
9 
-4 
-2 4 -2 0 0 2 2 
-4 0 
0 0 0 0 0 0 0 0 0 0 -2 -1 0 0 0 0 0 
12 0 -2 -2 0 5 0 -2 -1 0 -7 0 0 0 0 0 10 -2 -1 
2 0 -2 -2 0 5 0 -2 -1 0 -7 0 0 0 0 12 -2 -2 -1 
-5 0 0 2 
-4 3 4 -4 0 2 2 1 -1 -2 -2 -1 -2 2 1 
-3 0 
3 -3 0 -2 2 2 1 2 -4 -1 8 -1 1 -1 1 -1 1 -3 1 -1 1 -1 1 -6 14 
-12 1 -3 2 8 -3 -2 -2 -1 -1 -1 6 
-1 1 -1 0 -5 -1 8 2 -4 -1 
-5 
0 
0 
1 2 2 1 2 2 
-4 -3 -3 1 2 2 1 2 2 
-9 0 4 
1 0 
-1 -2 
2 1 0 -1 0 0 
-2 -1 -1 0 0 2 
-2 -1 1 
2 0 -2 0 0 
-2 2 1 1 -2 2 1 1 0 
1 -1 1 
-1 -2 2 
1 2 0 -2 -1 0 -2 -2 
-2 
2 
1 1 3 -2 -1 -2 2 0 1 1 0 
1 -1 1 
-1 -2 2 
1 2 0 
-2 -2 0 
-1 0 0 -2 -1 0 1 0 7 0 0 0 -2 -2 0 -1 0 0 
0 0 0 0 -2 -1 0 1 0 
0 -1 0 0 1 0 
2 
0 
-2 -1 
1 
1 -1 12 -2 -2 -1 -2 -1 1 2 -3 1 2 5 -2 -2 -1 -2 -1 -2 -2 2 3 -1 -2 -2 2 2 1 -1 1 -1 -2 -2 12 -2 -2 -1 -2 -1 1 2 -3 1 2 5 -2 -2 -1 -2 -1 -2 -2 2 3 -1 -2 -2 2 2 1 2 
-5 
0 
0 2 
-4 3 4 -4 0 2 2 1 -1 -2 -2 -1 -2 2 1 
-3 0 
3 -3 0 -2 2 2 1 -1 -2 3 -1 -2 3 -1 -2 7 0 
0 0 0 0 0 0 0 0 -5 2 -2 -2 
2 2 -2 -2 
4 0 0 0 0 0 0 0 -2 2 
-2 0 0 2 
0 
-4 
0 
-5 5 0 0 0 0 0 0 0 0 0 0 0 -2 -1 0 0 0 0 0 
0 0 -2 -2 0 5 0 -2 -1 0 5 0 0 0 0 0 -2 -2 -1 
2 0 -2 -2 0 5 0 -2 -1 0 5 0 0 0 0 0 -2 -2 -1 
5 0 0 0 
-7 7 
-5 
0 0 
1 2 2 1 2 2 
-2 -2 -1 0 1 -1 0 
-2 2 0 -4 2 2 0 
-2 2 
0 0 0 -2 
2 0 0 -4 
2 2 0 12 -17 2 0 0 
3 0 -3 
0 
3 
0 
0 0 0 0 0 0 0 0 0 0 0 0 0 0 0 0 0 -2 -2 -1 
5 0 0 0 
-3 0 0 0 
0 0 0 0 
3 0 -2 -1 0 3 0 0 0 0 
0 0 0 0 
0 
-5 
-7 0 7 0 
-7 0 0 
0 7 0 -7 
7 -7 0 
0 7 -7 
0 7 0 -7 7 -7 0 0 7 
0 
-10 
0 
3 0 
7 
0 0 0 0 0 0 
0 0 0 0 0 0 0 0 0 0 
0 0 0 0 
-7 0 
0 0 0 0 0 0 0 0 0 0 0 0 0 0 0 0 0 7 
0 
0 0 0 0 
0 0 0 
-7 
0 
31 -7 0 7 0 
-7 0 0 
0 7 0 -7 
7 -7 0 
0 7 -7 
0 7 0 -7 7 -7 0 0 7 
-7 
0 
0 0 
7 
0 0 0 0 0 0 
0 0 0 0 0 0 0 0 0 0 
0 0 0 0 
-7 
0 0 0 0 0 0 
0 0 0 0 0 0 0 0 0 0 0 0 0 0 0 0 0 7 
0 0 0 0 
0 0 0 
-7 
0 
-24 0 0 0 0 0 0 0 0 0 0 0 -2 -1 0 0 0 0 0 
0 0 -2 -2 0 5 0 -2 -1 0 5 0 0 0 0 0 -2 -2 -1 
2 0 -2 -2 0 5 0 -2 -1 0 5 0 0 0 0 0 -2 -2 -1 
-3 1 0 
-1 -2 2 1 0 -1 0 0 
12 -2 -1 -1 0 0 2 -2 -1 
1 2 0 -2 0 0 -12 1 
1 3 -2 -1 -2 2 0 1 1 
0 
1 -1 1 -1 -2 2 1 2 
12 -2 -1 0 -2 -2 -12 1 
1 3 -2 -1 -2 2 0 1 1 
0 
1 -1 1 -1 -2 2 1 2 10 -1 -2 2 1 2 
-7 
2 3 -5 3 4 -4 4 5 -5 5 3 -12 4 5 -9 7 4 -9 5 4 -9 5 4 -7 8 -8 10 -3 -6 -1 8 -8 7 -4 -5 -2 9 -9 7 -3 -5 -2 8 -8 2 6 -3 2 -4 -8 0 8 4 -7 3 6 -6 6 3 -12 3 6 -9 3 6 1 -8 -2 -2 4 8 2 -9 -3 2 3 7 0 -5 -4 2 3 4 -2 -3 -6 -1 5 3 -8 5 3 -10 7 2 -9 7 2 -7 5 3 -8 5 3 -7 6 3 -5 2 3 2 -4 -3 3 -3 -5 -2 7 2 -9 7 2 -7 5 3 -8 5 3 -8 6 3 3 -3 -3 6 -4 -3 -5 5 3 -8 6 3 3 -3 -3 6 -4 -3 -5 5 3 -8 6 3 3 -3 -2 3 -5 5 0 -5 -3 1 4 5 2 -6 -3 7 -5 -4 -1 -1 -1 0 6 3 3 -3 -3 6 -4 -3 -5 5 3 -8 6 3 3 -3 -3 6 -4 -3 -5 5 3 -8 6 3 3 -3 -2 0 -8 8 0 -5 -2 0 4 5 2 -6 -3 10 -8 -4 4 -4 -3 8 -3 -5 8 -3 -5 7 -4 -3 7 -4 -3 8 -3 -5 8 -3 -5 7 -4 -3 7 -4 -3 8 -3 -5 8 -3 -5 
-2 2 2 1 2 2 1 2 2 2 1 2 2 1 
-5 
0 -8 
3 -3 -4 4 3 -3 8 
-7 3 -3 -5 5 3 -3 7 -8 5 -5 -4 4 3 -3 17 -19 3 -3 -5 5 3 -3 7 0 3 -3 -5 8 4 -6 0 -3 3 -3 -5 5 5 -7 7 -8 3 -3 -4 4 3 -3 8 -7 7 -7 -5 5 7 -10 2 8 5 -5 -7 7 4 -6 0 0 4 -4 -3 7 3 -5 0 -8 3 -3 -4 4 3 -3 8 -7 7 -7 -5 5 7 -10 1 0 6 -6 -3 3 6 -9 -1 12 3 -3 -6 6 3 -12 1 0 6 -6 -3 3 6 -9 -1 12 3 -3 -6 6 3 -12 1 8 3 -3 -6 6 3 -6 -1 
0 
-2 -1 0 1 0 -2 -1 2 1 2 2 
-2 -2 2 2 -2 2 1 2 -2 -1 -2 -2 -2 -2 -1 0 7 -2 -2 -1 3 -5 2 2 1 -1 -2 -2 12 -2 -2 -1 
-9 
2 -7 7 -7 2 -2 
-1 3 1 
0 -1 -2 2 
3 -1 -2 2 12 -5 
0 -2 -2 
0 5 -1 -2 2 1 -3 2 1 2 -2 -1 -2 -2 -2 -2 -1 14 -2 -1 1 2 -3 1 2 2 -2 -2 -1 -2 
-9 
2 0 2 0 0 3 -2 -1 3 3 -1 -2 3 3 -1 -2 3 -1 -2 -1 -2 -2 -1 -3 -1 -2 -1 -1 -1 -2 0 0 0 0 0 0 0 
0 
0 0 0 0 0 0 0 0 0 0 0 0 0 0 10 -2 -1 
7 
3 -1 -2 -2 2 2 1 2 
-7 
2 3 -5 3 4 -4 4 5 -5 5 3 -12 4 5 -9 7 4 -9 5 4 -9 5 4 -7 8 -8 10 -3 -6 -1 8 -8 7 -4 -5 -2 9 -9 7 -3 -5 -2 8 -8 2 6 -3 2 -4 -8 0 8 4 -7 3 6 -6 6 3 -12 3 6 -9 3 6 1 -8 -2 -2 4 8 2 -9 -3 2 5 3 2 -3 -6 -1 5 3 2 -7 -5 3 4 5 -9 4 5 -10 5 3 -10 5 7 -9 4 5 -9 4 5 -10 5 3 -10 5 -5 7 
-2 
-12 -1 
16 2 
-2 -1 -2 -12 -1 16 2 -2 
-1 5 0 -5 5 0 2 2 -2 -2 
4 -11 7 -5 9 -2 2 -2 0 
0 2 
-2 0 0 2 
0 -16 -2 -2 -1 
17 0 0 0 0 0 0 0 0 0 0 0 -2 -1 0 0 0 0 0 
0 0 -2 -2 0 5 0 -2 -1 0 5 0 0 0 0 0 -2 -2 -1 
2 0 -2 -2 0 5 0 -2 -1 0 5 0 0 0 0 0 -2 -2 -1 
-3 1 0 
-1 -2 2 1 0 -1 0 0 
0 -2 -1 -1 0 0 2 -2 -1 
1 2 0 -2 0 0 
1 1 3 -2 -1 -2 2 0 1 1 
0 
1 -1 1 -1 -2 2 1 2 
0 -2 -1 0 -2 -2 
1 1 3 -2 -1 -2 2 0 1 1 
0 
1 -1 1 -1 -2 2 1 2 
0 
-3 8 -7 -3 10 -7 -3 6 -4 -4 7 0 -3 12 -12 -4 12 -7 -3 7 -5 -4 9 -5 -4 12 -11 -8 12 0 -3 12 -11 -8 12 -3 -4 12 -7 -5 12 -7 -5 12 -8 -4 12 -8 -4 12 -11 -8 12 0 -3 12 -11 -8 12 -3 -4 12 -7 -5 12 -7 -5 2 2 
13 
-1 -2 2 1 2 
-2 
2 1 -1 0 2 -2 -2 0 2 
-10 0 0 
0 1 
9 0 -2 -2 0 5 -3 0 2 1 -12 -1 
1 -1 1 -1 1 12 1 -1 1 -1 1 -12 1 
0 4 -4 5 -3 0 2 1 0 -1 
-1 -1 9 
-1 1 -1 1 
-12 -2 
12 -8 -4 5 -3 0 8 -1 -4 -1 
1 -1 1 -1 
-4 
2 2 1 2 2 1 2 -10 2 1 2 2 1 
0 
0 
2 
0 0 1 0 -12 0 0 -1 0 14 0 -14 5 0 2 0 0 -2 
0 0 -2 0 -5 9 0 -2 0 -5 0 0 12 1 -13 12 -11 -1 -2 7 
0 0 -2 0 -5 9 0 -2 0 -5 0 0 12 1 -13 12 -11 -1 -2 7 
0 0 0 -1 0 0 0 1 0 0 0 -1 0 0 0 0 0 1 0 
-1 -9 2 
-2 -2 2 2 -2 2 1 2 -2 -1 -2 -2 -2 -2 -1 1 4 -2 -2 -1 -2 2 2 1 0 -1 -2 -2 12 -2 -2 -1 
0 
-2 -1 0 1 0 -2 -1 4 1 2 2 -4 7 -7 2 -2 -2 2 1 
0 -1 -2 -1 
6 -1 -2 2 
3 -1 -2 -2 -1 -2 2 1 -1 1 2 2 -2 -2 -1 -2 -2 -2 -1 6 
0 
-2 -1 0 
2 0 2 0 -2 
12 3 2 1 -3 -5 2 2 -2 -2 -2 -2 -1 -2 -1 0 12 0 0 0 0 0 0 0 0 0 0 0 0 0 0 0 0 0 0 0 0 0 0 0 -6 0 0 0 0 -5 2 2 
0 
0 1 0 -9 0 0 -1 0 0 0 0 -2 2 1 2 -2 -1 
19 
3 -2 -1 -2 2 1 2 2 
-2 
2 
1 -1 0 2 -2 -2 0 2 
-10 0 0 
0 1 
9 0 2 -2 -2 2 
2 -2 -2 2 2 -2 -2 -2 
-1 1 -1 0 0 
-9 -8 
3 14 0 
0 2 -11 9 -9 -8 3 14 0 0 
5 -7 0 7 -3 0 1 2 -2 -1 
0 1 -5 7 0 -2 2 -2 0 
0 2 
-2 0 0 2 
-7 -2 -2 -1 
17 0 0 0 0 0 0 0 0 0 0 0 -2 -1 0 0 0 0 0 
0 0 -2 -2 0 5 0 -2 -1 0 5 0 0 0 0 0 -2 -2 -1 
2 0 -2 -2 0 5 0 -2 -1 0 5 0 0 0 0 0 -2 -2 -1 
-3 1 0 
-1 -2 2 1 0 -1 0 0 
0 -2 -1 -1 0 0 2 -2 -1 
1 2 0 -2 0 0 
1 1 3 -2 -1 -2 2 0 1 1 
0 
1 -1 1 -1 -2 2 1 2 
0 -2 -1 0 -2 -2 
1 1 3 -2 -1 -2 2 0 1 1 
0 
1 -1 1 -1 -2 2 1 2 
0 
-3 8 -4 -3 7 -4 -3 7 -5 -3 8 -5 -3 12 -7 -5 12 -11 -3 7 0 -5 12 -12 -4 12 -14 -5 12 0 -3 12 -14 -5 12 0 -7 12 -7 -5 12 -7 -5 12 -8 -4 7 -3 -4 12 -14 -5 12 0 -3 12 -14 -5 12 0 -7 12 -7 -5 12 -7 -5 12 -8 -4 7 
0 
-3 8 
-4 -3 7 -4 -3 7 -5 -3 8 -5 -3 12 -7 -5 5 -4 -3 7 0 -5 12 -7 -5 12 -11 -12 12 0 -3 12 -7 -12 12 0 -3 8 -4 -3 2 1 -3 7 -5 -12 12 0 -2 -1 5 -5 12 -11 -12 12 0 -3 12 -7 -12 12 0 -3 8 -4 -3 2 1 -8 12 0 -12 7 
5 
-2 
2 
-9 -1 
1 9 -2 2 -2 -2 0 4 0 0 3 
-1 
-2 -2 -2 -1 5 0 -4 -1 3 2 -12 -2 
2 -2 2 -2 2 12 
0 -3 1 
0 4 -4 5 -3 0 2 1 -8 -2 
-1 -1 9 
0 
-3 -2 0 4 -4 5 -3 0 2 
-9 
2 -2 2 -2 
3 
2 2 2 1 2 -10 1 2 2 2 1 2 2 
-4 
0 
-7 
3 -3 -5 5 3 -3 7 
-8 3 -3 -4 4 3 -3 8 -12 4 -4 -3 3 4 -4 9 -9 4 -4 -3 3 4 -4 9 -11 3 -3 -5 5 3 -3 9 -4 4 -4 -3 4 3 -3 8 -7 3 -3 -5 4 3 -3 8 -8 3 -3 -4 4 3 -3 8 -14 3 -3 -5 5 3 -3 9 -4 4 -4 -3 4 3 -3 8 -7 3 -3 -5 4 3 -3 8 -12 3 -3 -3 3 3 -3 9 2 3 -3 -4 4 3 -12 6 -8 3 -3 -3 3 3 -3 9 2 3 -3 -4 4 3 -12 6 -8 3 -3 -3 3 3 6 -1 
-4 -2 -2 2 2 -2 2 1 2 -2 -1 -2 -2 -2 -2 -1 1 4 -2 -2 -1 -2 2 2 1 0 -1 -2 -2 12 -2 -2 -1 
0 
-2 -1 0 1 0 -2 -1 4 1 2 1 
0 -1 -2 7 0 -2 -2 -1 2 2 1 -2 0 -1 -2 7 0 -2 -2 -1 
-4 
2 0 2 -12 
14 -2 -2 2 2 -4 2 2 1 -1 -2 -2 -2 -1 -2 -2 10 
0 
-2 -1 0 0 0 0 0 0 0 0 0 0 0 0 0 0 0 0 0 0 0 0 0 0 0 0 0 0 3 0 0 0 0 -5 2 2 
0 
0 1 0 0 0 0 -1 0 0 0 0 -2 2 1 2 -2 -1 
8 
-2 
2 -9 -1 1 9 -2 2 -2 -2 0 4 0 0 3 
-1 
-2 -2 2 -2 -2 4 -2 -2 4 -2 -2 4 -5 2 2 -2 -12 7 1 0 
0 2 2 -12 7 1 0 0 
2 5 0 -5 0 2 0 0 0 0 
-5 1 -5 7 5 0 0 0 0 
0 0 
0 0 0 0 -2 -2 -1 
0 
9 0 0 1 0 0 0 0 -1 0 0 0 0 0 0 1 2 -2 -1 
-4 0 0 1 0 1 0 0 1 1 0 0 0 1 -1 1 0 0 -1 
-4 0 0 1 0 1 0 0 1 1 0 0 0 1 -1 1 0 0 -1 
-12 1 0 
-1 -2 2 1 0 -1 0 0 
0 -2 -1 -1 0 0 2 -2 -1 
1 2 0 -2 0 0 
1 1 3 -2 -1 -2 2 0 1 1 
0 
1 -1 1 -1 -2 2 1 2 
0 -2 -1 0 -2 -2 
1 1 3 -2 -1 -2 2 0 1 1 
0 
1 -1 1 -1 -2 2 1 2 
0 
-3 8 -4 -3 7 -4 -3 7 -5 -3 8 -5 -3 12 -7 -5 12 -11 -3 7 0 -5 12 -12 -4 12 -2 -5 12 -12 -3 12 -2 -5 12 -12 -7 12 -7 -5 12 -7 -5 12 -8 -4 7 -3 -4 12 -2 -5 12 -12 -3 12 -2 -5 12 -12 -7 12 -7 -5 12 -7 -5 12 -8 -4 7 12 
-12 -3 15 1 -12 -3 15 4 -16 -3 19 -5 -12 -3 15 0 -12 -3 15 2 -14 -3 17 0 -16 -3 19 7 -19 -5 24 0 -19 -5 24 -11 0 -12 12 0 -12 -3 15 2 0 -12 12 0 -12 -3 15 1 -12 -3 14 5 -16 -3 19 -5 0 -12 12 0 -2 -1 -7 -5 24 
-11 0 -12 12 0 -12 -3 15 2 0 -12 12 0 -12 -3 15 1 -12 -3 14 5 -16 -8 12 0 0 7 
5 -2 
-2 -1 -12 0 12 -12 0 12 -12 0 12 -12 0 12 -12 0 12 -12 0 12 -12 0 12 -12 0 12 -12 0 12 -12 0 12 -12 0 12 -12 0 15 -2 -1 0 -2 -12 0 7 -12 0 12 -12 0 12 -12 0 12 -12 0 12 -12 0 12 -12 0 12 -12 0 15 -12 0 11 -12 0 13 -12 0 11 -12 0 13 -12 0 11 -12 0 10 -12 0 19 -12 0 8 -12 0 11 -12 0 13 -12 0 11 -12 0 13 1 0 7 -12 0 10 -12 0 7 -12 0 12 -12 0 12 -12 0 12 -12 0 12 -12 0 12 -12 0 
0 
1 2 2 2 1 2 2 1 2 1 
0 
4 
0 0 0 0 0 0 0 0 0 0 0 -2 -1 0 0 0 0 0 
0 0 -2 -2 0 5 0 -2 -1 0 5 0 0 0 0 0 -2 -2 -1 
2 0 -2 -2 0 5 0 -2 -1 0 5 0 0 0 0 0 -2 -2 -1 
0 0 0 0 0 0 0 0 0 0 0 0 0 0 0 0 0 0 0 
0 0 0 0 
-12 
0 -2 -1 0 1 0 -2 -1 2 1 2 2 
-2 -2 2 2 -2 2 1 2 -2 -1 -2 -2 -2 -2 -1 0 7 -2 -2 -1 3 -5 2 2 1 -1 -2 -2 12 -2 -2 -1 
2 1 2 -2 0 -1 -2 7 0 -2 -2 -1 2 1 2 
2 -7 7 -12 
-2 0 -2 -1 0 12 
1 -3 2 1 -3 2 1 2 -2 -1 -2 -2 -2 -2 -1 0 12 0 0 0 0 0 0 0 0 0 0 0 0 0 0 0 0 0 0 0 0 0 0 0 0 0 0 0 0 2 1 2 
0 
0 1 0 4 0 0 -5 0 0 0 0 1 -1 5 -12 0 7 
5 -2 -2 -1 -12 0 12 -12 0 12 -12 0 12 -12 0 12 -12 0 12 -12 0 12 -12 0 12 -12 0 12 -12 0 12 -12 0 12 -12 0 12 -12 0 12 -12 0 12 -12 0 12 -12 0 12 -12 0 12 -12 0 12 -12 0 0 
4 1 2 7 -12 7 -4 0 0 7 2 -12 7 -4 0 0 
7 -7 0 -5 0 2 12 0 0 -5 
-12 1 -5 7 0 1 -1 17 -2 
-2 -1 
5 -2 -2 -1 
0 0 
12 0 0 1 0 4 0 0 -5 0 0 0 0 2 0 0 0 0 -5 
0 0 0 1 0 0 0 0 2 0 0 0 0 1 -1 5 0 0 -5 
-3 0 0 1 0 0 0 0 2 0 0 0 0 1 -1 5 0 0 -5 
0 0 1 -12 
16 0 -5 -12 12 0 2 -12 0 0 7 -12 12 0 1 -12 7 0 7 -12 12 0 1 -1 5 0 -5 -12 9 0 1 -12 7 0 7 -12 12 0 1 -1 5 0 -5 -12 12 
-12 13 -12 16 -12 7 -12 12 -12 14 -12 12 -12 7 -12 12 -12 13 -12 12 -12 14 -12 12 -12 13 -1 5 -12 7 -12 9 -12 13 -12 12 -12 14 -12 12 -12 13 -1 5 -12 7 -12 12 0 
-12 13 0 -12 16 0 -12 7 0 -12 12 0 -12 14 0 -12 12 0 -12 7 0 -12 12 0 -12 13 0 -12 12 0 -12 14 0 -12 12 0 -12 13 -1 -12 17 0 -12 7 0 -2 -1 0 -12 13 0 -12 12 0 -12 14 0 -12 12 0 -12 13 -1 -12 17 0 -12 7 
5 
-2 
-2 -1 -12 0 12 -12 0 12 -12 0 12 -12 0 12 -12 0 12 -12 0 12 -12 0 12 -12 0 12 -12 0 12 -12 0 12 -12 0 12 -12 0 15 -2 -1 0 -2 -12 0 7 -12 0 12 -12 0 12 -12 0 12 -12 0 12 -12 0 12 -12 0 12 -12 0 15 -12 0 11 -12 0 13 -12 0 11 -12 0 13 -12 0 11 -12 0 10 -12 0 19 -12 0 8 -12 0 11 -12 0 13 -12 0 11 -12 0 13 1 0 7 -12 0 10 -12 0 7 -12 0 12 -12 0 12 -12 0 12 -12 0 12 -12 0 12 -12 0 
0 
1 2 2 2 1 2 2 1 2 1 
0 
4 
0 0 0 0 0 0 0 0 0 0 0 -2 -1 0 0 0 0 0 
0 0 -2 -2 0 5 0 -2 -1 0 5 0 0 0 0 0 -2 -2 -1 
2 0 -2 -2 0 5 0 -2 -1 0 5 0 0 0 0 0 -2 -2 -1 
0 0 0 0 0 0 0 0 0 0 0 0 0 0 0 0 0 0 0 
0 0 0 0 
-12 
0 -2 -1 0 1 0 -2 -1 2 1 2 2 
-2 -2 2 2 -2 2 1 2 -2 -1 -2 -2 -2 -2 -1 0 7 -2 -2 -1 3 -5 2 2 1 -1 -2 -2 12 -2 -2 -1 
2 1 2 -2 0 -1 -2 7 0 -2 -2 -1 2 1 2 
2 -7 7 -12 
-2 0 -2 -1 0 12 
1 -3 2 1 -3 2 1 2 -2 -1 -2 -2 -2 -2 -1 0 12 0 0 0 0 0 0 0 0 0 0 0 0 0 0 0 0 0 0 0 0 0 0 0 0 0 0 0 0 2 1 2 
0 
0 1 0 4 0 0 -5 0 0 0 0 1 -1 5 -12 0 7 
5 -2 -2 -1 -12 0 12 -12 0 12 -12 0 12 -12 0 12 -12 0 12 -12 0 12 -12 0 12 -12 0 12 -12 0 12 -12 0 12 -12 0 12 -12 0 12 -12 0 12 -12 0 12 -12 0 12 -12 0 12 -12 0 12 -12 0 0 
4 1 2 7 -12 7 -4 0 0 7 2 -12 7 -4 0 0 
7 -7 0 -5 0 2 12 0 0 -5 
-12 1 -5 7 0 1 -1 17 -2 
-2 -1 
5 -2 -2 -1 
0 0 -66 16 -17 -2 19 -19 2 22 -21 2 19 -17 0 -2 -2 0 
2 0 
-2 0 16 -17 -2 19 -19 2 22 -21 2 19 -17 0 -2 -2 2 
2 0 
-2 0 19 -21 4 -2 -2 -1 1 4 -2 -2 -1 1 2 2 -2 7 -9 16 -16 16 -17 -2 19 -19 2 22 -21 2 19 -17 0 -2 -2 2 
2 0 
-2 0 19 -21 4 -2 -2 -1 1 4 -2 -2 -1 1 2 2 -2 7 -9 16 -16 16 -17 -2 19 -19 2 22 -21 2 19 -17 0 -2 -2 2 
2 8 -57 -5 -3 8 -5 -3 8 -5 -3 8 -5 -3 8 -5 -3 8 -5 -3 8 -5 -3 8 -5 -3 7 -4 -3 7 -4 -3 7 -5 -4 9 -5 -4 10 -4 -6 10 -5 -3 8 -5 -2 9 -6 -3 11 -4 -5 9 -4 -5 9 -4 -5 5 -5 -3 
8 
0 -7 -3 10 -7 -3 10 -7 -3 10 -7 -3 
10 
0 -5 -3 8 -5 -3 7 -4 -5 9 -4 -5 10 -3 -5 8 -3 -5 10 -3 -6 4 -4 -6 17 -12 -4 9 -5 -4 12 -3 -5 8 -3 -5 9 -4 -5 9 -4 -5 9 -4 -5 9 -6 -3 
9 
0 -4 -6 10 -4 -6 10 -4 -6 10 -4 -6 
10 
0 -5 -4 9 -5 -4 9 -6 -3 10 -7 -3 10 -5 -3 8 -5 -3 7 -4 -2 9 -7 -2 7 -5 -3 8 -5 -3 8 -4 -3 7 -4 -3 14 -12 -3 3 -3 -4 7 -4 -3 7 -4 -3 6 -4 -3 7 -4 -3 7 -4 -3 9 -6 -3 8 -4 -3 7 -4 -3 7 -4 -3 7 -4 -3 6 -4 -3 7 -4 -3 7 -4 -3 9 -6 -3 8 -4 -3 7 -4 -3 7 -3 -3 6 -3 -3 6 -2 -7 9 -2 -7 11 -4 -5 9 -4 -5 11 -4 -3 7 -4 -3 8 -3 -6 9 -3 -6 14 -5 -3 8 -5 -3 8 -5 -2 7 -4 -3 2 -3 -4 4 -4 -5 5 -5 -3 8 -5 -3 
8 
0 -7 -3 10 -7 -3 10 -7 -3 10 -7 -3 
10 
0 -5 -3 8 -5 -3 9 -6 -3 8 -5 -3 6 -3 -2 5 -3 -2 5 -3 -2 5 -3 -2 4 -4 -5 9 -4 -5 10 -3 -3 8 -3 -6 -2 12 -3 -5 8 -3 -6 9 -3 -3 6 -3 19 -16 -3 7 -4 -3 6 -3 -3 9 -6 -3 19 -20 -4 -5 9 -4 -8 12 -4 -5 9 -4 24 -8 -4 -5 9 -4 -8 12 -4 -5 9 -4 5 -6 3 -6 3 -6 3 -6 3 -6 3 -6 20 -9 5 -8 3 -7 4 -9 5 -8 3 5 7 -6 3 -6 3 -6 3 -6 3 -6 3 -6 28 -6 3 -6 3 -6 3 -6 3 -6 3 -6 3 6 -3 6 -3 6 -3 6 -3 6 -3 6 -3 6 -3 6 -3 6 -9 -3 -3 8 -5 -3 9 -6 -2 -1 1 2 3 -3 -3 8 -5 -3 9 -6 -2 -1 1 2 4 -4 -3 8 -5 -3 9 -6 -2 -1 1 2 2 3 -12 12 -3 -9 10 -6 -4 10 -6 -4 10 -5 -4 9 -5 -4 8 -4 -5 5 -5 -3 8 -5 -3 8 -5 -3 
8 
0 -7 -3 10 -7 -3 10 -7 -3 10 -7 -3 
10 
0 -5 -3 8 -5 -3 7 -4 -5 9 -4 -5 10 -3 -5 8 -3 -5 10 -3 -6 4 -4 -6 17 -12 -4 9 -5 -4 9 -5 -4 9 -5 -4 
12 
-3 -7 -3 10 -7 -3 10 -7 -3 10 -7 -3 
10 
0 -5 -4 9 -5 -4 8 -6 -2 7 -3 -4 5 -3 -2 5 -3 -2 4 -4 -5 9 -4 -5 11 -4 -3 7 -4 -3 9 -6 -2 8 -6 -2 7 -3 -4 7 -3 -4 7 -4 -3 7 -4 -3 6 -4 -3 7 -4 -3 7 -4 -3 9 -6 -3 20 -16 -3 7 -4 -3 7 -4 -3 7 -4 -3 6 -4 -3 7 -4 -3 7 -4 -3 9 -6 -3 8 -4 -3 7 -4 -3 7 -5 -3 8 -5 -3 10 -7 -3 10 -7 -3 10 -7 -3 10 -5 -4 11 -7 -4 11 -6 -3 10 -7 -3 10 -5 -3 10 -7 -2 9 -7 -2 7 -5 -2 6 -4 -2 7 -5 -3 8 -5 -3 8 -4 -3 7 -4 -3 
7 
7 -7 -8 8 -5 -3 8 -5 -3 8 -5 -3 
8 
8 -15 -3 10 -7 -3 10 -7 -3 10 -7 -3 
10 
7 -15 3 -7 4 -9 5 -8 3 -7 4 3 
24 
-23 -3 6 -3 6 -3 6 -3 5 1 4 2 
10 
-5 -15 3 -7 4 -9 5 -8 3 -7 4 3 
24 
-23 -3 6 -3 6 -3 6 -3 5 1 4 2 
10 
-17 5 -5 -3 3 5 7 -3 -4 -5 5 4 8 -5 -3 -4 4 3 5 -5 5 4 -4 4 3 
-24 5 -74 5 -5 -4 4 -4 -3 0 3 4 -4 4 5 -5 5 3 -3 3 4 
-7 -12 
3 4 1 4 -10 3 3 -1 
0 0 0 
1 
2 0 2 2 1 0 2 2 1 -1 -4 -3 2 1 2 2 1 -1 -2 -2 -1 -2 -2 -2 -1 5 -4 -3 2 1 2 2 1 -1 -2 -2 -1 -2 -2 -1 3 2 -4 -3 2 1 2 2 1 -1 -2 -2 -1 -2 -2 -1 -1 -1 0 1 -1 1 -1 -2 2 1 -1 -2 2 1 -1 -2 2 1 
28 
-10 1 -1 -2 2 1 -1 -12 
13 -8 1 -1 -2 2 1 -1 -4 21 -10 1 -1 -2 2 1 -1 -12 
1 2 2 1 2 2 2 1 2 2 1 -1 
0 
-16 
1 -1 -1 1 1 -1 -8 0 1 -1 -2 2 1 -1 10 0 
-2 
-2 -1 -2 -2 -1 
1 2 2 1 2 2 2 1 2 2 1 2 2 2 
0 1 -12 
0 -2 0 0 -1 -10 
1 
2 2 1 2 2 2 
1 2 2 1 2 2 2 
0 1 
-2 -1 
-2 -2 -1 -2 -2 -2 -1 -2 -2 -1 -2 -2 -2 -1 
26 -16 
4 -4 2 2 1 -3 2 1 2 -3 1 2 2 -4 2 2 1 2 2 -2 -2 -3 
2 
-12 
3 -2 3 -1 3 -1 3 -1 
4 -1 5 7 -7 
-5 -3 -4 
4 
-4 2 2 1 1 -1 -3 2 1 2 1 -1 -3 1 2 2 1 -1 -4 2 2 1 2 2 2 -4 2 2 1 2 2 
-12 
0 
-12 
-2 
2 
1 -1 -2 
2 0 2 1 -1 2 
-1 
2 
0 
-12 
0 2 1 2 -2 9 -12 0 2 2 1 -1 12 -12 0 2 1 2 -2 21 -12 0 2 1 2 -2 12 
-5 0 7 -5 -12 2 1 2 2 
-19 2 1 2 2 
0 1 2 2 1 -3 2 1 2 1 
9 -3 -6 
7 -3 -6 
4 2 2 1 2 -11 -1 -2 -1 -4 4 0 
1 2 2 1 2 2 
-14 2 2 1 2 2 1 -12 
-1 1 -1 1 -1 1 -1 1 -1 1 -1 1 -1 1 -1 1 -1 1 -1 1 -1 1 -1 1 -1 1 -1 1 -1 1 -1 1 2 
-3 
1 
0 
-1 
5 -2 4 
18 
-15 
7 
7 -16 4 -5 -2 14 -16 14 -16 
-1 
1 
2 2 1 -1 -2 2 2 1 2 2 1 
-1 
1 2 2 1 -1 -2 2 2 1 2 2 1 
-18 
1 2 2 1 2 2 2 1 -1 -2 -2 -2 -1 -2 -2 -1 -2 -2 -2 -1 -2 -2 -1 -2 
-1 -1 -3 17 
12 
-16 16 -17 
24 
-17 5 
-5 -4 
4 -4 -3 0 3 4 -4 4 5 -5 5 3 -3 3 4 
-7 -12 
3 4 1 4 -10 3 3 -1 
0 0 0 
1 
2 0 2 2 1 0 2 2 1 -1 -4 -3 2 1 2 2 1 -1 -2 -2 -1 -2 -2 -2 -1 5 -4 -3 2 1 2 2 1 -1 -2 -2 -1 -2 -2 -1 3 2 -4 -3 2 1 2 2 1 -1 -2 -2 -1 -2 -2 -1 -1 -1 0 1 -1 1 -1 -2 2 1 -1 -2 2 1 -1 -2 2 1 
28 
-10 1 -1 -2 2 1 -1 -12 
13 -8 1 -1 -2 2 1 -1 -4 21 -10 1 -1 -2 2 1 -1 -12 
1 2 2 1 2 2 2 1 2 2 1 -1 
0 
-16 
1 -1 -1 1 1 -1 -8 0 1 -1 -2 2 1 -1 10 0 
-2 
-2 -1 -2 -2 -1 
1 2 2 1 2 2 2 1 2 2 1 2 2 2 
0 1 -12 
0 -2 0 0 -1 -10 
1 
2 2 1 2 2 2 
1 2 2 1 2 2 2 
0 1 
-2 -1 
-2 -2 -1 -2 -2 -2 -1 -2 -2 -1 -2 -2 -2 -1 
26 -16 
4 -4 2 2 1 -3 2 1 2 -3 1 2 2 -4 2 2 1 2 2 -2 -2 -3 
2 
-12 
3 -2 3 -1 3 -1 3 -1 
4 -1 5 7 -7 
-5 -3 -4 
4 
-4 2 2 1 1 -1 -3 2 1 2 1 -1 -3 1 2 2 1 -1 -4 2 2 1 2 2 2 -4 2 2 1 2 2 
-12 
0 
-12 
-2 
2 
1 -1 -2 
2 0 2 1 -1 2 
-1 
2 
0 
-12 
0 2 1 2 -2 9 -12 0 2 2 1 -1 12 -12 0 2 1 2 -2 21 -12 0 2 1 2 -2 12 
-5 0 7 -5 -12 2 1 2 2 
-19 2 1 2 2 
0 1 2 2 1 -3 2 1 2 1 
9 -3 -6 
7 -3 -6 
4 2 2 1 2 -11 -1 -2 -1 -4 4 0 
1 2 2 1 2 2 
-14 2 2 1 2 2 1 -12 
-1 1 -1 1 -1 1 -1 1 -1 1 -1 1 -1 1 -1 1 -1 1 -1 1 -1 1 -1 1 -1 1 -1 1 -1 1 -1 1 2 
-3 
1 
0 
-1 
5 -2 4 
18 
-15 
7 
7 -16 4 -5 -2 14 -16 14 -16 
-1 
1 
2 2 1 -1 -2 2 2 1 2 2 1 
-1 
1 2 2 1 -1 -2 2 2 1 2 2 1 
-18 
1 2 2 1 2 2 2 1 -1 -2 -2 -2 -1 -2 -2 -1 -2 -2 -2 -1 -2 -2 -1 -2 
-1 -1 -3 17 
12 
-16 16 -17 
4 5 -2 4 15 
-15 
6 
-18 6 4 
-12 3 
4 
5 3 -1 
-12 3 3 6 1 2 2 -16 4 3 5 -6 1 0 4 3 5 0 4 -16 4 3 2 -9 1 -1 
0 1 
0 -3 2 1 2 2 1 -1 8 -3 2 1 2 2 1 -1 -7 3 -8 5 -9 4 -7 3 -8 5 3 4 -7 3 4 -5 -3 -4 2 2 1 2 1 -1 9 -4 2 2 1 2 1 -1 -7 4 -9 5 -8 3 -7 0 0 3 3 6 0 3 3 -1 -3 -4 2 2 1 2 1 -1 -12 -3 1 2 1 -1 -2 -1 0 -4 2 2 1 -1 -2 -1 -1 2 2 1 2 2 1 
16 
-17 
5 
-5 -4 
4 -4 -3 0 3 4 -4 4 5 -5 5 3 -3 3 4 
-7 -12 
3 4 1 4 -10 3 3 -1 
0 0 0 
1 
2 0 2 2 1 0 2 2 1 -1 -4 -3 2 1 2 2 1 -1 -2 -2 -1 -2 -2 -2 -1 5 -4 -3 2 1 2 2 1 -1 -2 -2 -1 -2 -2 -1 3 1 -3 -3 2 1 2 1 2 2 -2 -2 -1 -2 -1 -2 3 2 -2 -1 -2 -2 -2 -1 -1 -1 
2 1 2 2 1 
2 2 2 1 2 2 1 2 2 2 1 2 2 
0 1 
-12 -1 -12 
1 2 2 2 1 2 2 
1 2 2 2 1 2 2 
-10 2 3 -3 3 -3 3 -3 3 -3 3 -3 3 -3 3 1 -1 1 
4 -2 -2 -1 -2 -2 -2 -1 -2 -2 -1 -2 -2 -2 -1 
10 -12 
4 -4 2 2 1 -3 2 1 2 -3 1 2 2 -4 2 2 1 2 2 -2 -2 -3 
2 
0 
3 -2 3 -1 3 -1 3 -1 
4 -1 5 -5 -7 
-5 -3 -4 
4 
-4 2 2 1 1 -1 -3 2 1 2 1 -1 -3 1 2 2 1 -1 -4 2 2 1 2 2 2 -4 2 2 1 2 2 
-12 
0 
-12 
-2 
2 
1 -1 -2 
2 0 2 1 -1 2 
-1 
14 
0 
-12 
0 2 1 2 -2 9 -12 0 2 2 1 -1 12 -12 0 2 1 2 -2 9 -12 0 2 1 2 -2 12 
-5 0 7 -5 
2 1 2 -2 
-15 2 1 2 2 
-12 1 2 2 1 -3 2 1 2 1 
18 -6 -3 -3 
10 -3 -6 -3 
-2 2 2 1 2 -5 2 1 -1 -4 4 0 
1 2 2 1 2 2 
-26 2 2 1 2 2 1 -12 
-1 1 -1 1 -1 1 -1 1 -1 1 -1 1 -1 1 -1 1 -1 1 -1 1 -1 1 -1 1 -1 1 -1 1 -1 1 -1 1 -1 
3 
-2 
0 
-1 
5 -2 4 
15 -12 
7 
7 -16 4 10 -15 13 -15 14 -16 14 -16 
-1 
1 
2 2 1 -1 -2 2 2 1 2 2 1 
-1 
1 2 2 1 -1 -2 2 2 1 2 2 1 
-18 
1 2 2 1 2 2 2 1 -1 -2 -2 -2 -1 -2 -2 -1 
-1 -1 -1 -1 -3 17 
0 
-16 23 -24 
36 
-7 
-5 -4 
4 -4 -3 0 3 4 -4 4 5 -5 5 3 -3 3 4 
-4 -3 2 1 2 2 1 -1 -2 -2 -1 -2 -2 -2 -1 5 -4 -3 2 1 2 2 1 -1 -2 -2 -1 -2 -2 -1 3 2 -4 -3 2 1 2 2 1 -1 -2 -2 -1 -2 -2 -1 -1 -1 -2 -2 -1 -1 -1 -1 -1 0 2 2 1 0 2 2 1 -1 
5 
-12 
24 
-21 4 5 3 4 0 
0 
1 
-1 -2 2 1 -8 
-10 
22 
-19 3 6 3 3 0 
0 -3 2 
-12 
-12 
24 -19 3 4 5 3 0 
0 -1 
-2 
2 1 -1 
-2 -2 -1 -2 -2 -2 -1 -1 
-1 1 -1 1 -1 1 -1 1 -1 1 -1 1 -1 1 -1 1 -1 1 2 
-1 
-2 
24 1 -1 -2 2 1 -1 12 
-34 -9 3 6 3 -9 6 3 3 -6 3 3 6 -9 3 6 3 -9 6 3 -10 29 1 -1 -2 2 1 -1 12 
-45 -8 5 3 4 -7 3 4 5 -9 4 5 3 -8 5 3 4 -7 3 4 -5 10 1 -1 -2 2 1 -1 12 
-38 1 -1 1 -1 -2 2 1 -1 2 2 1 2 2 1 2 2 2 1 2 2 
-4 -3 2 1 2 2 1 -1 -2 -2 -1 -2 -2 -2 -1 3 -3 -4 2 2 1 2 1 -1 -2 -1 -2 -2 -2 -2 -1 3 -3 -3 1 2 2 1 2 2 1 1 1 2 2 1 2 2 12 -12 12 2 -2 -12 12 5 -5 -12 12 8 -8 -12 12 -12 12 -29 29 7 -35 
2 2 2 1 2 2 1 2 2 1 2 2 2 5 -5 5 -4 4 -12 12 2 -2 -12 12 5 -5 -12 12 8 -8 -12 12 -12 12 -29 29 7 -35 
2 2 2 1 2 2 1 2 2 1 2 2 2 5 -5 5 -4 
4 -2 -2 -1 -2 -2 -2 -1 -2 -2 -1 -2 -2 -2 -1 -2 -2 -1 -2 -2 -2 -1 
3 -3 2 1 2 -3 1 2 2 -4 2 2 1 -3 2 1 2 1 -1 -2 2 2 
2 8 
4 
0 0 0 1 -15 
-5 -4 -3 
3 
-3 2 1 2 1 -1 -3 1 2 2 1 -1 -4 2 2 1 1 -1 -3 
2 1 2 0 -2 2 0 -2 2 0 -2 2 2 
2 
3 
3 -1 3 -2 3 -1 4 -2 -5 
-4 -3 8 -5 -3 7 -4 -3 12 -9 -3 9 -6 -3 10 -7 -3 9 -6 -3 12 -9 -3 10 -3 -5 9 -4 -5 8 -3 -5 12 -7 -5 10 -3 -2 6 -4 -2 5 -3 -2 8 -6 -2 7 -4 -3 8 -5 -3 7 -4 -3 12 -9 -3 8 -3 -5 9 -4 -5 8 -3 -5 12 -7 -5 10 -3 -2 6 -4 -2 5 -3 -2 8 -6 -2 
0 
-12 27 -3 8 -5 -3 7 -4 -3 -22 
1 
24 
-22 19 -17 5 14 -2 6 -4 -2 5 -3 -2 8 -6 -2 
-24 
-12 40 -4 8 -4 -4 7 -3 -4 -34 
2 
36 
-35 31 -29 -1 36 -2 6 -4 -2 5 -3 -2 8 -6 -2 
-24 
-12 39 -3 8 -5 -3 7 -4 -3 -34 
1 
36 
-34 31 -29 5 26 -38 36 -36 38 -38 36 -36 38 -38 36 -36 38 -38 36 -36 
0 2 1 2 
2 31 -31 1 2 2 2 22 -22 1 2 2 1 -1 -4 7 -5 7 -5 7 -6 7 
0 
-8 0 3 0 0 -12 2 1 2 1 6 -12 1 2 2 1 -10 2 18 -18 2 1 2 1 -9 1 19 -19 2 2 1 2 -11 -1 6 -1 -7 -1 4 -1 -3 3 0 
-1 1 
15 
-16 1 
12 -13 1 14 
-15 1 -1 
16 -15 -1 18 -17 -1 20 
-19 -1 1 
20 
-21 1 
19 
-20 1 -1 
13 -12 -1 10 -9 -1 1 
10 -11 1 12 
-13 1 -1 
15 
-14 -1 1 
15 
-16 1 17 
-18 1 -1 
20 
-19 -1 1 
20 
-21 1 -1 
22 
-21 -1 23 
-22 -1 1 
24 
-25 1 -1 
27 -26 -1 28 
-27 -1 1 
29 
-30 1 31 
-32 1 -1 34 -33 -1 35 
-34 -1 1 
36 -37 1 38 
-39 1 39 
-40 1 -1 
42 
-41 -1 44 
-43 
2 
-3 1 2 
12 0 0 -2 
7 
-9 4 22 
-15 -2 -4 -6 15 1 -1 10 -15 -5 5 -12 15 1 -1 11 -16 -3 3 -12 16 1 -1 10 -16 -6 6 -12 16 1 
-11 
10 
-16 
-3 -3 
1 2 2 1 -1 -2 2 1 2 2 2 1 
11 
-6 
-3 -3 
1 2 2 1 -1 -2 2 1 2 2 2 1 
11 
-6 
0 -3 -3 
1 2 2 1 -1 -2 2 1 2 2 2 5 -2 -2 -1 -2 -2 -2 -1 -2 -2 -1 -2 -2 -2 -1 -2 -2 -1 -2 -2 -2 -1 -2 -2 -1 
-1 -1 
20 -1 
7 
5 -5 -4 
4 -4 -3 0 3 4 -4 4 5 -5 5 3 -3 3 4 
-4 -3 2 1 2 2 1 -1 -2 -2 -1 -2 -2 -2 -1 5 -4 -3 2 1 2 2 1 -1 -2 -2 -1 -2 -2 -1 3 2 -4 -3 2 1 2 2 1 -1 -2 -2 -1 -2 -2 -1 -1 -1 -2 -2 -1 -1 -1 -1 -1 0 2 2 1 0 2 2 1 -1 
5 
-12 
24 
-21 4 5 3 4 0 
0 
1 
-1 -2 2 1 -8 
-10 
22 
-19 3 6 3 3 0 
0 -3 2 
-12 
-12 
24 -19 3 4 5 3 0 
0 -1 
-2 
2 1 -1 
-2 -2 -1 -2 -2 -2 -1 -1 
-1 1 -1 1 -1 1 -1 1 -1 1 -1 1 -1 1 -1 1 -1 1 2 
-1 
-2 
24 1 -1 -2 2 1 -1 12 
-34 -9 3 6 3 -9 6 3 3 -6 3 3 6 -9 3 6 3 -9 6 3 -10 29 1 -1 -2 2 1 -1 12 
-45 -8 5 3 4 -7 3 4 5 -9 4 5 3 -8 5 3 4 -7 3 4 -5 10 1 -1 -2 2 1 -1 12 
-38 1 -1 1 -1 -2 2 1 -1 2 2 1 2 2 1 2 2 2 1 2 2 
-4 -3 2 1 2 2 1 -1 -2 -2 -1 -2 -2 -2 -1 3 -3 -4 2 2 1 2 1 -1 -2 -1 -2 -2 -2 -2 -1 3 -3 -3 1 2 2 1 2 2 1 1 1 2 2 1 2 2 12 -12 12 2 -2 -12 12 5 -5 -12 12 8 -8 -12 12 -12 12 -29 29 7 -35 
2 2 2 1 2 2 1 2 2 1 2 2 2 5 -5 5 -4 4 -12 12 2 -2 -12 12 5 -5 -12 12 8 -8 -12 12 -12 12 -29 29 7 -35 
2 2 2 1 2 2 1 2 2 1 2 2 2 5 -5 5 -4 
4 -2 -2 -1 -2 -2 -2 -1 -2 -2 -1 -2 -2 -2 -1 -2 -2 -1 -2 -2 -2 -1 
3 -3 2 1 2 -3 1 2 2 -4 2 2 1 -3 2 1 2 1 -1 -2 2 2 
2 8 
4 
0 0 0 1 -15 
-5 -4 -3 
3 
-3 2 1 2 1 -1 -3 1 2 2 1 -1 -4 2 2 1 1 -1 -3 
2 1 2 0 -2 2 0 -2 2 0 -2 2 2 
2 
3 
3 -1 3 -2 3 -1 4 -2 -5 
-4 -3 8 -5 -3 7 -4 -3 12 -9 -3 9 -6 -3 10 -7 -3 9 -6 -3 12 -9 -3 10 -3 -5 9 -4 -5 8 -3 -5 12 -7 -5 10 -3 -2 6 -4 -2 5 -3 -2 8 -6 -2 7 -4 -3 8 -5 -3 7 -4 -3 12 -9 -3 8 -3 -5 9 -4 -5 8 -3 -5 12 -7 -5 10 -3 -2 6 -4 -2 5 -3 -2 8 -6 -2 
0 
-12 27 -3 8 -5 -3 7 -4 -3 -22 
1 
24 
-22 19 -17 5 14 -2 6 -4 -2 5 -3 -2 8 -6 -2 
-24 
-12 40 -4 8 -4 -4 7 -3 -4 -34 
2 
36 
-35 31 -29 -1 36 -2 6 -4 -2 5 -3 -2 8 -6 -2 
-24 
-12 39 -3 8 -5 -3 7 -4 -3 -34 
1 
36 
-34 31 -29 5 26 -38 36 -36 38 -38 36 -36 38 -38 36 -36 38 -38 36 -36 
0 2 1 2 
2 31 -31 1 2 2 2 22 -22 1 2 2 1 -1 -4 7 -5 7 -5 7 -6 7 
0 
-8 0 3 0 0 -12 2 1 2 1 6 -12 1 2 2 1 -10 2 18 -18 2 1 2 1 -9 1 19 -19 2 2 1 2 -11 -1 6 -1 -7 -1 4 -1 -3 3 0 
-1 1 
15 
-16 1 
12 -13 1 14 
-15 1 -1 
16 -15 -1 18 -17 -1 20 
-19 -1 1 
20 
-21 1 
19 
-20 1 -1 
13 -12 -1 10 -9 -1 1 
10 -11 1 12 
-13 1 -1 
15 
-14 -1 1 
15 
-16 1 17 
-18 1 -1 
20 
-19 -1 1 
20 
-21 1 -1 
22 
-21 -1 23 
-22 -1 1 
24 
-25 1 -1 
27 -26 -1 28 
-27 -1 1 
29 
-30 1 31 
-32 1 -1 34 -33 -1 35 
-34 -1 1 
36 -37 1 38 
-39 1 39 
-40 1 -1 
42 
-41 -1 44 
-43 
2 
-3 1 2 
12 0 0 -2 
7 
-9 4 22 
-15 -2 -4 -6 15 1 -1 10 -15 -5 5 -12 15 1 -1 11 -16 -3 3 -12 16 1 -1 10 -16 -6 6 -12 16 1 
-11 
10 
-16 
-3 -3 
1 2 2 1 -1 -2 2 1 2 2 2 1 
11 
-6 
-3 -3 
1 2 2 1 -1 -2 2 1 2 2 2 1 
11 
-6 
0 -3 -3 
1 2 2 1 -1 -2 2 1 2 2 2 5 -2 -2 -1 -2 -2 -2 -1 -2 -2 -1 -2 -2 -2 -1 -2 -2 -1 -2 -2 -2 -1 -2 -2 -1 
-1 -1 
20 -1 
4 0 0 0 1 -6 
-6 -6 29 
-4 -3 2 1 2 2 1 -1 -4 -3 2 1 2 2 1 -1 8 -3 2 
-26 
-12 41 2 1 -1 -2 -2 -1 -35 31 -2 -1 
-24 1 24 -15 2 1 2 2 1 -1 -4 -3 2 1 2 -2 4 -1 9 -3 2 
-23 
-12 38 2 1 2 12 -4 -3 -45 36 -3 -5 
-22 2 24 -16 2 2 1 2 1 -1 -3 -4 1 -1 4 1 2 -1 10 -2 2 
-24 
-12 39 2 2 1 -1 -2 2 -41 46 -2 -2 
-39 -2 36 -15 2 1 2 2 1 -1 -4 -5 5 2 2 1 2 1 9 -3 2 
-28 
-12 43 1 2 -2 4 -4 -3 -39 30 -3 -5 
-19 -1 24 -16 2 2 1 2 1 -1 12 -3 -4 -5 5 4 3 -1 6 3 3 -45 51 3 2 1 -3 -3 -3 
-47 -1 42 -42 45 -44 31 -4 -3 19 -4 -3 -9 -3 -5 19 -3 -4 -7 -5 -4 20 -4 -5 -7 -4 -3 19 -5 -2 -9 -3 -5 20 -3 -5 -7 -5 -4 21 -5 -4 -8 -4 -3 19 -4 -3 -5 -4 -3 
43 -12 -5 -3 20 -5 -3 -9 -3 -4 19 -3 -4 -8 -4 -5 21 -4 -5 -7 -5 -3 20 -5 -3 -9 -3 -4 24 -5 -3 -12 -4 -5 29 -6 -3 -12 -3 -6 30 -6 -3 -12 -3 -6 
42 -16 -3 -3 22 -7 -3 -9 -3 -6 21 -3 -6 -6 -6 -3 21 -6 -3 -9 -3 -3 30 -3 -3 -21 -3 -6 33 -3 -6 -18 -6 -3 43 -7 -3 -9 -3 -6 40 -7 -3 -9 -3 -6 
-1 
5 -5 -4 
4 -4 -3 0 3 4 -4 4 5 -5 5 3 -3 3 4 
-4 -3 2 1 2 2 1 -1 -2 -2 -1 -2 -2 -2 -1 5 -4 -3 2 1 2 2 1 -1 -2 -2 -1 -2 -2 -1 3 2 -4 -3 2 1 2 2 1 -1 -2 -2 -1 -2 -2 -1 -1 -1 -2 -2 -1 -1 -1 -1 -1 0 2 2 1 0 2 2 1 -1 
5 
-12 
24 
-21 4 5 3 4 0 
0 
1 
-1 -2 2 1 -8 
-10 
22 
-19 3 6 3 3 0 
0 -3 1 
-8 
-12 
32 -27 3 4 5 3 0 
0 -1 
-2 -1 -2 -2 -2 -1 -1 -1 -1 -1 2 0 2 1 2 2 24 -24 24 -7 7 -24 24 -12 12 -24 24 -4 4 -24 24 
-29 
-12 41 -2 2 -5 -35 
2 2 1 2 2 2 1 2 2 1 2 2 2 17 -17 17 -28 28 -12 12 -31 31 -7 7 -36 36 -4 4 -40 40 -7 7 -41 
-3 39 -39 
1 2 1 -1 0 2 2 1 1 0 -1 
36 -2 -2 -1 -2 -2 -2 -1 
-2 -2 -1 -2 -2 -2 -1 -2 -2 -1 -2 -2 -2 -1 
3 -3 2 1 2 -3 1 2 2 -4 2 2 1 -3 2 1 2 1 -1 -2 2 2 
10 -8 
-4 
10 0 0 0 -1 -7 
-5 -4 -3 
3 
-3 2 1 2 1 -1 -3 1 2 2 1 -1 -4 2 2 1 1 -1 -3 
2 1 2 1 -3 2 1 -3 2 1 -3 2 2 
2 
-9 
3 -1 3 -2 3 -1 4 -2 7 
-4 -3 8 -5 -3 7 -4 -3 12 -9 -3 9 -6 -3 10 -7 -3 9 -6 -3 12 -9 -3 10 -3 -5 9 -4 -5 8 -3 -5 12 -7 -5 10 -3 -2 6 -4 -2 5 -3 -2 8 -6 -2 7 -4 -3 8 -5 -3 7 -4 -3 12 -9 -3 8 -3 -5 9 -4 -5 8 -3 -5 12 -7 -5 10 -3 -2 6 -4 -2 5 -3 -2 20 -6 -2 
-24 
-12 39 -3 8 -5 -3 7 -4 -3 -34 
1 
36 
-34 31 -29 5 26 -2 6 -4 -2 5 -3 -2 8 -6 -2 
-24 
-12 40 -4 8 -4 -4 7 -3 -4 -34 
2 
36 
-35 31 -29 -1 24 -2 6 -4 -2 5 -3 -2 8 -6 -2 
-24 
-12 39 -3 8 -5 -3 7 -4 -3 -34 
1 
36 
-34 31 -29 5 26 -2 6 -4 -2 5 -3 
-26 24 -36 38 -38 36 -36 
0 2 1 2 
2 31 -31 1 2 2 2 22 -22 1 2 2 1 -1 -4 7 -5 7 -5 7 -6 -1 
8 
-8 0 3 12 0 -24 2 1 2 1 12 -18 1 2 2 1 -10 2 18 -18 2 1 2 1 -9 1 19 -19 2 2 1 2 -11 -1 7 2 1 2 1 -1 -3 3 0 
-1 1 
15 
-16 1 
12 
-13 1 
14 
-15 1 -1 
16 
-15 -1 
18 
-17 -1 1 
19 -20 1 20 -21 1 -1 
20 -19 -1 
13 
-12 -1 1 
9 -10 1 -1 
11 -10 -1 
13 
-12 -1 1 
14 
-15 1 -1 
16 -15 -1 18 
-17 -1 1 
19 
-20 1 -1 
21 -20 -1 
22 
-21 -1 1 
22 -23 1 24 
-25 1 26 
-27 1 -1 
28 
-27 -1 30 
-29 -1 1 -1 1 33 -34 1 34 
-35 1 -1 37 -36 -1 1 -1 1 39 -40 1 -1 42 -41 -1 44 
-43 2 -2 2 
0 0 0 -2 
7 
-9 4 22 
-15 -2 -4 -6 15 1 -1 10 -15 -5 5 -12 15 1 -1 11 -16 -3 3 -12 16 1 -1 10 -16 -6 6 -12 16 1 
1 
-2 
-4 -3 -3 
1 2 2 1 -1 -2 2 1 2 2 2 1 
11 
-6 
-3 -3 
1 2 2 1 -1 -2 2 1 2 2 2 1 
11 
-6 
-3 -3 
1 2 2 1 -1 1 2 2 2 1 2 2 -2 -2 -1 -2 -2 -2 -1 -2 -2 -1 -2 -2 -2 -1 -2 -2 -1 -2 -2 -2 -1 -2 -2 -1 
-1 -1 
8 4 0 -75 -1 1 -1 5 -3 2 3 17 -5 -3 -4 -5 -2 19 -4 -8 -4 -3 -1 20 -5 -7 -12 1 -1 1 -1 5 -3 2 3 17 -5 -3 -4 -5 -2 19 -4 -6 -10 1 2 17 -5 
-19 1 -1 1 -1 5 -3 2 3 17 -5 -3 -4 -5 -2 19 -4 -8 -4 -3 -1 20 -5 -7 -12 1 -1 1 -1 5 -3 2 3 17 -5 -3 -4 -5 -2 19 -4 -6 -10 1 2 17 -5 -14 -1 -2 -2 21 -5 -7 -10 1 2 19 -4 -6 -11 2 2 20 -5 -7 -10 2 1 19 -12 0 -12 12 -12 0 -12 13 -1 1 -1 1 -1 1 -1 1 -1 1 -1 5 -3 2 3 17 -5 -3 -4 -5 -2 19 -4 -8 -4 -3 -1 20 -5 -7 -12 1 -1 1 -1 5 -3 2 3 17 -5 -3 -4 -5 -2 19 -4 -6 -10 1 2 17 -5 -14 -1 -2 -2 21 -5 -7 -10 1 2 19 -4 -6 -11 2 2 20 -5 -7 -10 2 1 19 -12 0 -12 12 -12 0 -12 13 -1 1 -1 1 -1 1 -1 1 -1 1 -1 5 -3 2 3 17 -5 -3 -4 -5 -2 19 -4 -8 -4 -3 -1 20 -5 -7 -12 1 -1 1 -1 5 -3 2 3 17 -5 -3 -4 -5 -2 19 -4 -6 -10 1 2 17 -5 -15 0 0 0 15 -3 3 -20 20 
-19 0 18 -16 16 -24 24 -23 0 2 2 1 2 2 2 13 -12 12 
-13 
1 
2 -2 -1 -2 15 -3 3 -17 -1 -1 19 -3 -16 -1 8 -3 8 9 -19 
2 1 -1 -2 9 
-6 -1 -7 12 -12 10 -10 8 -8 7 -7 5 -5 3 -3 -5 1 2 2 2 1 2 -5 2 3 2 -7 12 -12 10 -10 8 -8 7 -7 5 -5 3 -3 -5 1 2 2 2 1 2 -5 2 3 -2 -1 1 1 -1 5 -5 1 -1 5 -5 1 -1 
5 
-5 1 -1 5 -5 
1 -1 1 -1 1 -1 1 -1 1 -1 5 -3 2 3 17 -5 -3 -4 -5 -2 19 -4 -8 -4 -3 -1 20 -5 -7 -12 1 -1 1 -1 5 -3 2 3 17 -5 -3 -4 -5 -2 19 -4 -6 -10 1 2 17 -5 -14 -1 -2 -2 21 -5 -7 -10 1 2 19 -4 -6 -11 2 2 20 -5 -7 -10 2 1 19 -12 0 -12 12 -12 0 -12 13 -1 1 -1 1 -1 1 -1 1 -1 1 -1 5 -3 2 3 17 -5 -3 -4 -5 -2 19 -4 -8 -4 -3 -1 20 -5 -7 -12 1 -1 1 -1 5 -3 2 3 17 -5 -3 -4 -5 -2 19 -4 -6 -10 1 2 24 0 0 0 0 -28 28 0 0 0 0 -29 29 0 0 -31 -1 0 32 0 0 -32 32 -31 31 0 0 0 0 -29 29 0 0 -27 1 2 24 0 0 -24 24 -24 24 -27 27 -26 27 -25 24 0 0 0 0 -28 28 0 0 0 0 -29 29 0 0 -31 -1 0 32 0 0 -32 32 -32 31 0 0 0 0 -29 29 0 0 -28 2 2 24 0 0 -23 23 -22 21 0 0 -21 21 -22 
-2 14 
-3 -4 -5 -3 -4 2 2 1 2 -3 -4 -5 -3 -4 2 2 1 2 -3 -4 -5 -3 -4 2 2 1 1 1 1 1 1 1 1 1 1 1 1 1 1 1 1 1 1 1 1 
1 -1 5 -3 2 3 17 -5 -3 -4 -5 -2 19 -4 -8 -4 -3 -1 20 -5 -7 -12 1 -1 1 -1 5 -3 2 3 17 -5 -3 -4 -5 -2 19 -4 -6 -10 1 2 17 -5 -14 -1 -2 -2 21 -5 -7 -10 1 2 19 -4 -6 -11 2 2 20 -5 -7 -10 2 1 19 -12 0 -12 12 -12 0 -12 13 -1 1 -1 1 -1 1 -1 1 -1 1 -1 5 -3 2 3 17 -5 -3 -4 -5 -2 19 -4 -8 -4 -3 -1 20 -5 -7 -12 1 -1 1 -1 5 -3 2 3 17 -5 -3 -4 -5 -2 19 -4 -8 -8 1 2 0 -72 0 0 1 2 -2 -1 0 -2 2 1 -1 -4 
-3 
2 -4 2 2 1 -3 2 1 2 -2 -1 1 -3 2 1 2 2 
1 
4 
0 
-5 0 0 1 2 -2 -1 0 
-2 2 1 -1 -4 
-3 
2 
-4 2 2 1 -3 2 1 2 -3 1 2 2 
-2 2 1 -1 -4 
2 2 
5 -5 -4 -1 
3 
3 
4 -4 -3 -2 4 5 0 -2 -2 -1 -2 -2 -3 2 1 2 2 
1 
-8 -2 -2 -1 -2 -1 -1 1 -2 1 2 2 1 2 2 -9 2 2 1 2 2 2 1 -8 1 2 2 2 1 2 2 
0 0 
1 2 -2 -1 0 
-2 2 1 -1 -4 
-3 
2 
-4 2 2 1 -3 2 1 2 -3 1 2 2 
-2 2 1 -1 -4 
2 2 
0 -2 -2 -1 -2 -2 -2 -1 
3 
3 6 
-2 2 1 -1 -2 5 -3 
1 
4 
-2 -2 -1 -2 -2 -2 -1 
3 
3 6 
-2 2 1 -1 -2 5 -3 
1 
-8 
1 -3 2 2 1 2 2 1 -1 -2 -2 2 -2 -2 -1 1 -1 -2 2 1 2 2 2 1 -1 -2 -2 -2 -1 -2 -2 -1 1 
-1 1 2 -2 -1 -2 -2 2 -2 2 1 -1 -2 -2 -1 1 -3 2 5 1 -3 2 3 1 -2 1 4 1 -3 2 
0 0 0 0 0 0 0 0 0 
1 -1 -5 5 -9 9 -12 12 -9 9 -7 7 -5 5 
0 0 0 0 0 0 0 0 0 
1 -1 -5 5 -9 9 -12 12 -9 9 -7 7 -5 5 
-2 0 0 0 0 0 0 0 0 
-2 -2 -1 -2 -1 -2 -2 1 -2 1 2 2 1 1 -2 1 -5 2 2 1 2 2 -4 2 -5 2 1 2 2 1 -1 -1 -1 -1 -1 6 1 2 1 -3 -2 -2 -1 5 2 2 2 -1 -5 2 2 1 2 2 -4 2 -5 2 1 2 2 1 -1 
0 
0 1 
-1 
-2 0 
-2 4 0 0 1 -1 -2 0 -2 4 -2 -2 -1 -2 
-9 0 -3 0 
14 0 0 
1 2 -2 -1 0 
-2 2 1 -1 -4 
-3 
2 -4 2 2 1 -3 2 1 2 -2 -1 1 -3 2 1 2 2 
1 
4 
0 
-5 0 0 1 2 -2 -1 
-2 2 1 -1 0 
-2 -2 -1 -1 
-1 
0 2 
-2 3 -1 -4 2 2 1 
1 -1 -3 2 1 2 1 -1 -3 1 2 2 
-2 2 1 -1 -4 
2 2 
5 -8 0 
1 
2 
10 
-3 -6 0 -3 -3 0 
0 
2 
1 
11 -4 -5 -3 -4 -5 -1 
0 
1 
2 0 2 0 1 0 2 0 2 0 1 0 -1 0 1 0 2 0 1 2 2 1 -1 -1 1 -8 
0 
1 2 
10 
-3 -5 -4 -3 -3 -4 
0 
2 
2 
13 -3 -5 -4 -3 -5 0 1 2 2 2 1 2 2 1 2 
-12 2 2 1 2 2 1 -1 3 2 
-12 
8 -1 
-4 0 0 -3 
2 
3 
7 0 0 
0 
-7 
2 
-4 1 -1 1 -1 -1 1 -3 
2 3 
7 1 -1 1 -1 1 -1 0 
-7 
1 
4 1 -1 1 -1 1 -1 0 
-7 
1 
4 1 -1 1 -1 1 -1 -7 
2 
-1 -3 -1 -2 -1 1 -3 2 1 2 1 
-3 2 1 2 2 2 -3 1 2 2 1 -1 
0 
1 
2 
10 -3 -6 0 -3 -3 0 
0 
2 
1 
11 -4 -5 -3 -4 -5 -1 
0 
1 
2 
2 -4 7 -3 5 -4 8 -3 
2 1 -1 1 -1 1 -1 -1 0 
1 2 2 -2 -1 -1 10 -3 -3 5 -4 7 -2 -3 6 
-1 
-1 -1 -1 -1 -1 -1 -1 -1 -1 -1 -1 -1 0 0 0 0 0 0 0 1 -1 0 0 -1 0 0 0 0 0 -1 0 0 0 0 0 
-1 -2 2 2 
1 -3 2 3 2 
0 0 
1 2 -2 -1 0 
-2 2 1 -1 -4 
-3 
2 -16 2 2 1 -3 2 1 2 -2 -1 1 -3 2 1 2 2 
1 
16 0 
-5 0 0 0 0 0 1 2 2 -2 -2 -1 -2 -1 -1 -1 -1 -3 
2 
0 2 -16 2 
2 1 
-2 2 1 -1 -5 2 1 2 1 
4 0 0 0 
4 
3 
-15 1 2 1 
-1 1 2 -2 -1 
-2 
7 1 -1 -2 2 2 3 -1 -2 -1 -1 7 
-3 1 -3 2 1 2 1 
-1 1 2 -2 -1 -2 
11 1 -3 2 1 2 
6 -1 -1 -1 -1 -1 -1 -1 -1 -1 -1 -1 -1 -1 -1 -1 -1 -1 -1 -1 -1 -1 -1 -1 -1 -1 -1 -1 -1 -1 -1 -1 -1 -1 -1 -1 
1 1 1 1 1 1 1 1 1 1 1 1 1 1 1 1 1 1 1 1 2 -2 -2 -1 
0 0 
1 2 -2 -1 0 
-2 2 1 -1 -4 
-3 
2 -4 2 2 1 -3 2 1 2 -2 -1 1 -3 2 1 2 2 
1 
4 0 
-5 0 0 0 0 0 1 2 2 -2 -2 
-1 
-1 -1 -1 -1 -1 -1 -3 
2 
0 2 
-2 3 -1 -4 2 2 1 
-3 -4 -1 5 3 2 -3 -3 -1 4 3 2 
-2 2 1 -1 -4 
2 2 
5 -5 -4 -1 
3 
3 
4 -4 -3 -2 4 5 0 -2 -2 -1 -2 -2 -3 2 1 2 2 
1 
-8 -2 -2 -1 -2 -1 -1 1 -2 1 2 2 1 2 2 -5 1 2 1 1 1 1 1 -5 2 1 1 1 1 1 2 
0 0 
1 1 -1 0 0 0 
-3 2 1 -1 0 0 -3 2 1 -1 -5 0 0 1 2 2 1 0 -3 2 1 -1 -5 0 
13 
-3 -5 -4 
14 -5 -4 -3 7 -5 -4 -3 14 -2 -4 -6 13 -3 -5 -4 12 -3 -4 -5 12 -3 -6 -3 14 -4 -5 -3 13 -6 -4 -2 10 -6 -2 -4 11 -3 -4 -5 11 -6 -3 -3 -1 
2 
1 0 2 2 0 0 0 1 2 2 -12 2 1 0 2 2 0 0 0 1 2 2 -5 24 0 1 2 -2 -1 
5 -29 0 1 2 -2 -1 5 
19 
0 1 -5 2 2 1 2 2 0 
-5 
5 
-29 0 1 -5 2 2 1 2 2 0 
-5 
5 
19 0 1 -5 2 2 1 2 2 -5 
-1 -1 -1 -1 0 -1 -1 -1 
-1 -1 -1 -1 -1 -1 -1 -1 -1 -1 -1 -1 -1 -1 -1 -1 -1 -1 -1 -1 -1 -1 -1 -1 
-1 -1 -1 -1 -1 -1 -1 -1 
-1 
2 2 1 2 2 2 1 2 2 1 2 2 1 -1 -5 -4 -3 
2 3 3 -1 
5 
-12 12 -12 
0 0 0 2 1 2 2 1 -1 
8 -3 3 -3 2 -2 2 -2 3 -3 3 -3 5 -5 5 -5 7 -5 3 -5 7 -4 9 -5 7 -4 -5 -3 10 -9 2 
-2 -3 3 -3 2 -2 2 -2 3 -3 3 -3 5 -5 5 -5 7 -5 3 -5 3 -3 14 -12 10 -9 9 -10 17 -7 0 0 -5 5 0 0 -4 4 0 0 -7 7 0 0 -5 5 0 0 3 -3 0 0 2 -2 0 0 2 -2 0 0 3 
-12 -3 3 -3 2 -2 2 -2 3 -3 3 -3 5 -5 5 -5 7 -5 3 -5 3 -3 14 -12 10 -9 9 -10 
17 
-4 -3 -5 5 3 -3 7 
3 -3 -6 -3 3 6 -6 9 2 -4 -3 -5 5 3 -3 7 -9 -3 -6 -3 3 6 -6 9 2 
-7 3 -3 5 -5 12 -12 7 -7 3 -3 5 -5 12 -12 7 -7 3 -3 5 -5 2 -2 3 
-12 -1 -2 2 -2 2 -2 3 -5 
0 
2 2 1 -1 -2 2 -2 3 -5 
0 
0 2 1 -1 -2 2 -2 3 -4 
0 
6 -1 3 4 -2 3 3 -1 3 -1 3 4 -2 7 
-4 -3 2 1 2 -2 4 -5 5 -5 5 -5 5 -5 5 -4 4 -7 2 1 2 -2 4 -5 5 -5 5 -5 5 -5 5 -4 4 -4 4 -5 5 -5 5 -7 7 -7 7 -9 9 -9 9 -10 10 -11 11 -12 12 -13 13 -12 12 -11 11 -12 12 -13 13 -12 12 -11 11 -12 12 -14 14 -12 12 -10 10 -9 -3 -9 -3 2 -2 2 -2 3 -3 3 -3 5 -5 5 -5 7 -5 3 -5 7 -4 9 -5 7 -4 -5 -3 10 -9 2 
-2 -3 3 -3 2 -2 2 -2 3 -3 3 -3 5 -5 5 -5 7 -5 3 -5 3 -3 14 -12 10 -9 9 -10 17 -12 12 
-7 0 5 
-2 2 
-3 -3 
-6 -3 -3 9 
0 
8 -2 2 -4 -5 -3 -4 -5 5 
0 
-1 -2 2 
12 -1 -5 7 0 5 -1 1 
-3 -5 
-4 -3 -5 12 
0 
10 -2 -1 -4 -3 -5 -4 -3 7 
-2 -2 
9 7 
-7 3 -3 12 -12 3 -3 7 -7 3 -3 12 -12 3 -3 5 -5 2 -2 12 -12 2 -2 8 -8 2 -2 12 -12 2 -2 7 -7 3 -3 12 -12 3 -3 7 -7 3 -3 12 -12 3 -3 5 -5 2 -2 12 -12 2 -2 8 -8 2 -2 12 -12 2 -2 9 -9 3 -3 10 -10 3 -3 6 -6 3 -3 10 -10 3 -3 7 -9 3 -3 10 -10 3 -3 6 -6 3 -3 10 -10 3 -3 5 -7 3 -3 9 -9 3 -3 11 -9 5 -5 12 -12 5 -5 5 
0 
0 
5 -1 1 
-3 -3 
-6 -3 -3 9 
0 
8 -2 2 -4 -5 -3 -4 -5 5 
0 
-1 -2 2 3 -2 2 2 
8 0 -1 -2 2 3 -2 12 -5 
-12 -3 3 -3 2 -2 2 -2 3 -3 3 -3 5 -5 5 -5 7 -5 3 -5 7 -4 -3 -5 7 -4 -5 -3 10 -9 2 
10 -3 3 -3 2 -2 2 -2 3 -3 3 -3 5 -5 5 -5 7 -5 3 -5 7 -7 8 -8 9 -3 15 -12 11 
-12 8 -8 5 -5 8 -8 12 -12 8 -8 5 -5 8 -8 12 -12 7 -7 4 -4 7 -7 12 -12 7 -7 4 -4 7 -7 12 -12 8 -8 5 -5 8 -8 12 -12 8 -8 5 -5 8 -8 12 -12 7 -7 4 -4 7 -7 12 -12 7 -7 4 -4 7 -7 12 -12 5 -5 12 -12 8 -8 12 -12 7 -7 12 -12 4 -4 12 
-21 
-3 3 -3 2 -2 2 -2 3 -3 3 -3 5 -5 5 -5 7 -7 5 -5 7 -4 9 -5 7 -4 -5 -3 10 -9 2 
-2 -3 3 -3 2 -2 2 -2 3 -3 3 -3 5 -5 5 -5 7 -5 3 -5 3 -3 14 -12 10 -9 9 -10 17 -7 0 0 -5 5 0 0 -4 4 0 0 -7 7 0 0 -5 5 0 0 3 -3 0 0 2 -2 0 0 2 -2 0 0 3 
-12 -3 3 -3 0 
2 -3 3 -3 1 1 -2 2 -2 3 -3 3 -3 8 -8 8 -8 7 -7 7 -7 5 7 -7 7 -5 5 3 -3 -4 4 -4 4 7 
-4 -3 -5 
7 -2 -4 -3 10 -3 -5 -4 14 -5 -4 -3 14 -4 -3 -5 13 -5 -3 -4 10 -3 -3 -3 11 -3 -4 -5 19 -3 -4 -5 10 -3 -2 -7 11 -4 -5 -3 11 -3 -3 -6 14 
-12 0 0 0 0 0 0 12 -12 12 -12 12 -12 12 -12 12 
-5 -4 -3 -5 -4 -3 12 0 0 12 -12 12 -12 12 -12 12 -12 7 
-12 5 -5 8 -8 5 -5 7 -9 7 -7 9 -9 7 -7 10 -8 5 -5 8 -8 5 -5 7 -9 7 -7 9 -9 7 -7 10 -8 5 -5 8 -8 5 -5 7 -9 7 -7 9 -9 7 -7 10 -8 5 -5 8 -8 0 7 -9 7 -7 9 -9 0 10 -8 8 -8 5 -5 8 -8 5 -5 7 -9 7 -7 9 -9 7 -7 10 -8 5 -5 8 -6 3 -3 5 -4 1 -1 3 -3 -2 2 2 -3 1 -1 3 -3 -2 2 1 -3 1 -1 3 -3 -2 2 -4 
12 
-1 1 
-3 -9 
0 0 
2 1 -1 
7 
-10 0 0 1 1 -1 3 0 0 -1 -2 -1 1 9 7 