1| 67 65 63 72 71|79 69|78 67|79 65 63|72 62 60|75
-1| 64|67 57|64|67 62|66 45|62|66 66|69 64|67 61|64 50|62 62 67|71
1| 75|79 78 74|79 72|81 70|74 69|79 78 70|79 72|81 66|72 74 67|75 69 66|74 72 67|70 75 74 75 60 62|67 63 65|68 67 68|77 75 77 62 63|69 65 67|70 69 70|79 77 79 63 65|71 67 68|72 67 65|74 63|75 62|77
-1| 69|72
1| 72 71 72 60|75 59|74 60|72 70 55|68 67 56|65 60|77|80 59 60|75|79 62|74|77 55|75 60|68|74 59 60|67|75 62|65|77 53|67|71 55 56|65|72 63 65|74 55|62|71 53 51|67|72 60 59|79 57|78 55|79 53 51|71|74 50 48|72|75 50 51|72 50|71 48|72 46 44|67|76 43 41|68|77 58 56|77 55|76 53|77 51 50|69|72 48 46|70|74 48 50|70 48|69 46|70 44 43|65|74 41 39|67|75 56 55|75 53|74 51|75 49 48|67|70 46 44|68|72
-1| 43|71|74 70|73 47|71|74 70|73 50|71|74 70|73 55|71|74 43 72|76 68|71 50|69|72 38 71|74 66|69 43|67|71 31 59|67 62|69 43|67|71 66|70 47|67|71 66|70 51|67|71 66|70 52|67|71 54 55|66|69
1| 67|83 66|81 67|79 77 60|75 74 63|72 48|67|75 66 46|67|74 45|69|72 62|70 51|67|69 66 50|67|70 48|69|72 50|60|66 62 48|63|67 46 48|69 50|62|66 60 43|58|67 58|74 57|72 58|74 62 50|64 66 51|67 69 60|70|76 58|74 60|76 64 52|65 67 53|69 70 62|72|78 60|76 62|78 66 54|67 69 55|70
-1| 78 76 74 55|69|72 67|71 48|72|76
1| 63|67 62|65 63|67 43 45|55 47 48|56 50 51|65|69 63|67 65|69 45 46|57 48 50|58 51 53|67|71 65|69 67|71 47 48|59 50 51|60 65 63|72 62|71 60|72 58 52|56|67 55 53|53|68
-1| 69|72 50|67|71 66|69 59|59|67 60|69 31|43|62|71 61|70 35|47|62|71 61|70 38|50|62|71 61|70 43|55|62|71 41|53 40|52|64|72 59|68 60|69 39|51 38|50|62|71 57|66 43|59|67 55 74
1| 41|68|72 71 39|67|72 38|65|74 63|67 44|62|72 71 43|63|72 41|65|74 43|59|65 67 41|60|68 39 41|62 43|59|67 65 48|60|63 50 51|72 50|71 48|72 46 44|64|67 43 41|65|68 58 56|65 55|64 53|65 51 50|60|69 48 46|62|70 48 50|70 48|69 46|70 44 43|62|65 41 39|63|67 56 55|63 53|62 51|63 50 48|58|67 46 44|60 46 48|68 46|70 44|72 43|71 41|72 39|68 38|65 55 53|62 51|63 50|65 48|63 47|65 45|62 43|59
-1| 79 59|62|74|79 57|62|72|78 55|62|71|79 54|62|69|81 50 54|79
1| 48|68|77 47 48|67|75 50|65|74 43|63 48|62|68 47 48|63|67 50|65 41|59|67 43 44|60|65 63 62|65 43|59|62 41 39|59|68 60|67
-1| 69|72 50|67|71 66|69 59|59|67 60|69 31|43|62|71 61|70 35|47|62|71 61|70 38|50|62|71 61|70 43|55|62|71 41|53 40|52|64|72 59|68 60|69 39|51 38|50|62|71 57|66 43|59|67 55 74
1| 51|60|69 50|65|71 62 48|63|72 60 55|65 63 43|59|62 60 36|48|60 72 71 72 64|67 65|68 72 71 72 65|68|71|74 65|67 63|72 62|71 63|72 65|68|74 59|62|65 67 68 59|62 67 65 55|60|64 54 56 57 56 58 59 58 56 58 60 61
-1| 73 74 43|71 74 50|67 71 55|62 71 48|69 72 50|66 69 54|62 66 47|67 66 50|67 69 55|71 73 54|74 73 57|74 76 62|74 72 55|71 70 59|71 72 51|71 69 52|67 71 49|69 67 50|66 69 43|64 66 67 64 45|61 57 50|62
1| 59 57 61 59 57 56
-1| 74 73 74 43|71 74 50|67 71 55|62 71 48|69 72 50|66 69 54|62 66 47|67 66 50|67 69 55|71 73 54|74 73 57|74 76 62|74 72 55|71 70 59|71 72 51|71 69 52|67 71 49|69 67 50|66 69 43|64 66 67 64 45|61 57 50|62
1| 54
-1| 59|67 74 73 74 50|76 72 69 62|71 61|70 62|71 64|72 60|69 57|66 59|74 58|73 59|74 60|76 57|72 54|69 55|71 54|70 55|71 57|72 54|69 50|66 50|74 52|73 54|74 55|71 74 59|67 71 47|62 79 48|76 79 52|72 76 57|69 72 50|54|66 69 57|62 64 60|65 66 55|60|69
1| 61 63 64 61 61 59 59 58 58 59 59|62 57|65 57|66 56 56
-1| 59|67
1| 65 63 65 58|67 60|68 61 63 66 56|64 68 61|66 64 63
-1| 67|71 69|72
1| 60
-1| 43 72|76 68|71 50|69|72 38 71|74 66|69 43|67|71 31 59|67 62|69 43|67|71 66|70 47|67|71 66|70 51|67|71 66|70 52|67|71 54 55|66|69
1| 61|61 64 66 59|68 61|69 63 64 66 68 61|70 63|71 65 66 71 42|61|71 69 44|59|69 68 45|61|68 66 57|66 64 54|64 63 59|63 64 44|64 46|62 47|62 61 53|61 49 46|54 44 46|61 48|63 49|65 63|66 65|68 47 45|61|66 49|64 47|62|66 45|61 44|59
-1| 64|67 57|64|67 62|66 45|62|66 66|69 64|67 61|64 50|62 62 74 79 59|62|74|79 57|62|72|78 55|62|71|79 54|62|69|81 50 54|79
1| 45 44
-1| 78 76 74 55|69|72 67|71 48|72|76
1| 42|66 57 59 40|61 42|62 44 45|64 61 63|66 65|68 66|69 47 49|68 48|66 49|64 51|63 52|61 59 58|66 54 52|60 51|61 49|63 48 49|64 63 61 49|66 50|59|67 52 54|58 59 61|66 42|64 44|62 46|61 47|62 61 59 47|64 49|57|66 50 52|56 57 59|64 40|62 42|61 44|59 45|61 47|62 45|61|63|66 44|59 44|59|65|68 42|57 42|57|66|69 54|59 54|61 52 52 51 51|59 52 52|68 50|70 50|66|71 49 49|61|65
-1| 60
1| 66|70 65|68 66|70 51|72 53|68|73 54|63 56|65 71 49|66|66|69 64|73 54|62|71 61|64|69 59|62|68
-1| 61 63 57 61 60
1| 69 68
-1| 58 56 55 58 56 72 70 75
1| 69 71
-1| 72 75 80 82 75 76 77 70
1| 62 61|76 59 58|73 59 59|74 57 57|66 56 56|71 54 52|73 59|64 57|66 56|68 54|69 56 56|71 54 54|62 53 53|61 68 54|69 73 42|69|78 75 49|68|76 51|73 52|73 54|71 55|71 52|70 54|70 42|71 47|71|75 49|69|77 50|69|78 47|68 49|68 37 49|77 48|75 49|68|77 52|70|79 51|72|80 49|73 48|75 44|78 49|68|76 52|80 57|73|78 54|76 56|75
-1| 72
1| 76 75
-1| 73 75 69 73 72
1| 80 66|78 68|76 69|76 66|75 71|75 76 56|76 58|66|74 59|68|74 69|73 65|73 61 58|66 56 58|61 60|75 61|77 63|78 65|80 59 57|66|73 61|64 59|62|78 57|61 56|59
-1| 60
1| 57 56
-1| 72
1| 77
-1| 80 79 77 84 80 79 77 72 80 79 77 75
1| 51 53
-1| 75
1| 56|71 61|71 69 54|69 64|68 63|66 61|64 61|64 59|63 59|63 57|73 56|71 54|69 54|69 52|68 52|68 62|66 61|64 59|62 59|62 57|61 57|61 56|71 54|69 52|67 52|67 50|66 50|66 65 59|66 57 56|68 54 49|53|69 59|68 57|66 56|64 56|64 54|63 54|63 56|64 56|64|68 54|62|70 54|62|71 53|61 53|61
-1| 74 72 74 77
1| 54|70 53|68 54|70 63|72 56|65|73 47 45|61|66 44|65|71 42|66|69 45|73 50|71 47|54|69 49|61|68
-1| 75
1| 59 37|59|65 58 42|58|61|66 66 62 59 67 66 71 70 64 63 72 71 66 65 74 73 72 73 69 66 68
-1| 65 68 72
1| 69 68 69 68 69 68 69 68 69 68 69 68 69 68 69 68 69 68 69 68 69 68 69 68 66
-1| 71
1| 68 66
-1| 72 74 72 70 79
1| 65 57|66 68 54|69 73 62|71 68 61|69 72 64|78
-1| 56 55
1| 63 57|76 56 65|74 64 59|73 58 67|71 66 65 66|70 62|71 59 61
-1| 58
1| 62 61 62
-1| 63 63
1| 61 62 61
-1| 60
1| 74
-1| 58 63
1| 62 61 62 61
-1| 61
1| 78
-1| 60
1| 61 62 61 62
-1| 61 63 57 61 60
1| 79
-1| 58 56 55 58 56
1| 62 61 62 61
-1| 68 71 70 68 68 67
1| 70
-1| 71
1| 59
-1| 71 71 70 70 70 68 68 68 66
1| 66 68 70 71 73 66 65 69
-1| 63 64
1| 72 71 75 76 67 66 70 71 74 73 77 78 54|70
-1| 64 68 66 64 63 69
1| 79 50|71|78 76 47|74 71 55|73 76 54|74 71 59|66|73
-1| 64 68 64 63 62 62 62 62 61 61 60
1| 74 53|73
-1| 60
1| 62|66 71 61|69 74 60|68 61|65 57|66|69 54 56|71
-1| 61 63 57 61 61
1| 57 56 57
-1| 60 58 58 56 55 58 56 51 56 60
1| 56 57 56
-1| 73 72 75 80 82 75 76 77 70
1| 69 57 56 57 56|71 57 56 57 73
-1| 72
1| 56 57 56 57
-1| 73 75 69 73 73
1| 57 56 57 56
-1| 63
1| 65 57 56 57 54|66
-1| 64
1| 56
-1| 65
1| 47|71 62 54|61|69 59 57|66 54 56|65|74 59 57|66|73 54 54|60|76
-1| 58
1| 59|75 57 52|59|69|75 68|76 50|77 76 49|52|71 70|76 47|59|74|79 73 57|74|78 71 56|73|77 46|54|78 47|66|71|74 62|66|71 64|67|73 49 50 52 54 55 47 46 50 73 61|61|74 76 58|78 79 54|71 70 62|66|71 46 47 49 50|68 52 42 41 42|61|71 65 66 68 54|66|69 71 57|73 66 59|74 76 50|59|78 57 52|56 57 56|59|76 74 57|73 74 49|57|76 56 50|54 56 54|57|74 73 56|71 73 47|56|74 54 49|53 54 53|56|73 71 54|69 71 45|66|73
-1| 56 55 56
1| 47|62 50|59|71|78 69 52|67 69 43|71|76 74 45|73 74 49|69|76 67 50|66 67 42|69|74 73 43|71 73 47|67|74 66 49|64 66 40|67|73 71 42|70 71 46|66|73 64 47|62
-1| 60 51
1| 71 49 50|66|68 52 50|65 49 47|66|74 45 44|73 42 44|72 47 45|65|73 44 42|66|69 45 50|66 49 47|68 68 44|69 71 49|73 74 37|66 65 54|66|69 55 57 59 60|78 62 52 51 55
-1| 76 77
1| 72|76 71|75 75|78 76|79 47 49 50 52 54 47 46 47 74|78 73|77 77|80 73|78 46|74 76 47|74 76 50|71|78 69 52|67 69 43|71|76 74 45|73 74 49|69|76 67 50|66 67 42|69|74 73 43|71 73 47|67|74 66 49|64 66 40|67|73 71 42|70 71 46|66|73 64 47|62 64 50|59|66|71
-1| 75
1| 52|55 52|55|64|83 62 57|60 62 60|64|81 79 62|78 79 54|62|81 60 55|59 60 59|62|79 78 60|76 78 52|60|79 59 54|57 59 57|60|78 76 59|75 76 51|59|78 57 52|55
-1| 73 72 70 68 67 73 67 68
1| 65|74 69 64|68 66 59|64|73 67 58|66 70 67|71 73 66|74 76 65|74 73 66|71 70 62|71 69 59|67 66 61|64
-1| 73 72 73 77 75 73 72 60
1| 62 61 62
-1| 58 57 58 61 60 58 56 55 56
1| 73
-1| 56 56
1| 74 62 61 62 61|76 62 61 62 78
-1| 51 56 51 49|55 51 55 51 48|56 51 56 51 43|58 51 58 51 44|56 51 43|58 51 41|60 56 53|62 56 51|55 58 55 58 39|55 58 55 58 37|55 58 55 58 49|55 51 55 51 48|56 51 56 51 41|51 48 51 48 34|53 49 53 49 39|49 49 49 49 32|49|55 51 44|49 51 32|48|56
1| 61 62 61 62
-1| 51 56 60 63 68 44|56|60 51|63 56|60 51|63 49|55|58 51|63 55|58 51|63 48|56|63 51|68 56|63 51|68 43|55|63 51|70 55|63 51|70 44|56|63 51|68 43|56|63 51|70 41|53|68 44|72 41|53|68 44|74 39|67 43|70 46|67 51|70 55|67 58|70 55|67 58|70 37|67 43|70 46|67 49|70 55|67 58|63 55|67 49|63 48|68 51|63 48|68 51|63 41|48|63 53|60 48|63 53|60 46|49|65 53|61 49|65 53|61 39|46|61 51|61 46|61 51|61 44|61 51|63 55|61 51|63 56|60
1| 79 61 62 61 71
-1| 60 60 60 60 60 60 60 52|55|60 52|55|60 52|55|60 52|55|60 53|56|60 53|56|60 53|56|60 53|56|60 55|58|64 55|58|64 55|58|64 55|58|64 56|60|65 56|60|65 56|60|65 56|60|65 58|65|68 58|65|68 58|65|68 58|65|68 59|65|68 59|65|68 59|62|68 59|62|68 60|63|67 60|63|67 60|63|67 60|63|67 56|63 56|63 56|63 56|63
1| 70 62 61 62 59|74
-1| 58 55 58 55 51 34|51|53 50 50|53 48 48|53 47 47|53 46 39|46|51
1| 61
-1| 46 43 46 43 39 34|53|56
1| 66 68 70 71 73 66 65 69|73 61 63 65 66 68 61|75 60 61|68|77 59 57|73 56 54|69 56 57|66|78 61 59|74 56|77 57|73|78 61|81 62|78|80 59 61|77 65 66|71 64 62|70|78 61 59|74 61 62|71 66 64|79 61|70 62|71|78 66|74 67|73|83 64 66|82 70 71|76 69 67|71|75 66 64|76|79 62 64|70 61 62|71 78 80 82 83 79 78 77 78 70 61|71 73 59|74|77 76 62|69 68 60|69 76 78 80 81 83 76 75 76 66 52|59|67 69 50|66|71 73 47|59|74 78 55|76 58|73 54|59|74 62|78 59|61|79 76 58|78 82 52|54|83 78 51|81 79 60|78|81 76 59|75 73 54|71|80 74 53|73 71 62|69|78 68 61|69 66 60|68 77 61|78 77 57|78 76 54|74 73 56|71
-1| 46|53|56 39|53|55 52 52 51 51 50 50 51 51 52 52 51 51 50 50 49 32|44|48|56 51 56 51 49|55 51 55 51 48|56 51 56 51 43|58 51 58 51 44|56 51 43|58 51 41|60 56 53|62 56 51|55 58 55 58 39|55 58 55 58 37|55 58 55 58 49|55 51 55 51 48|56 51 56 51 41|51 48 51 48 34|53 49 53 49 39|49 49 49 49 32|49 51 44|49 51 32|48
1| 69
-1| 59|63 59|63 59|63 59|63 59|63 59|63 59|63 59|63 59|63 59|63 59|63 58|61|63 61|63 61|63 61|63 58|61|63 57|61|63 58|61|63 58|61|63 56|61|63 55|61|63 53|61|63 51|61|63 56|59|63 59|63 59|63 59|63 59|63 59|63 59|63 59|63 59|63 59|63 59|63 59|63 51|58|63 58|63 58|63 58|63 51|58|63 50|58|63 51|55|58|63 52|55|58|63 51|55|58|63 49|55|58|63 47|55|58|63 46|55|58|63 44|59|63|68 59|63 59|63 59|63|71
1| 56 57 56
-1| 59|63|70 59|63|68 45|47|51|54|66|78 45|47|51|54 45|47|51|54 45|47|51|54 45|47|51|54 45|47|51|54 44|47|52|56|71|83 44|47|52|56 44|47|52|56 44|47|52|56 44|47|52|56 44|47|52|56 49|52|54|58|76|88 49|52|54|58 49|52|54|58 49|52|54|58 52|54|58 52|54|58 47|52|56|59|71|83 47|52|56|59 47|52|56|59 35|47|54|57|59|63 35|47 35|47 40|52|56|59|64 56|59 56|59 56|59 56|59 56|59 56|59 56|59 56|59 56|59 56|59 56|59 40|52|56|59 56|59 56|59 56|59 56|59 56|59 56|59 56|59 56|59 56|59 56|59 56|59 54|57|59 57|59 57|59 57|59 54|57|59 53|57|59 54|57|59 54|57|59 52|57|59 51|57|59 49|57|59 47|57|59 52|56|59 56|59 56|59 56|59 56|59 56|59 56|59 56|59 56|59 56|59 56|59 56|59 50|56|59 29|50|56|59 32|50|56|59 35|50|56|59 38|50|56|59 41|50|56|59 44|50|56|59 50|56|59 50|56|59 50|56|59 50|56|59 50|56|59 50|56|59 29|50|56|59 32|50|56|59 35|50|56|59 38|50|56|59 41|50|56|59 44|50|56|59 50|56|59 50|56|59 50|56|59 50|56|59 50|56|59 49|56|58 40|49|56|58 44|49|56|58 46|49|56|58 49|56|58 49|56|58 49|55|58 39|49|55|58 43|55|58 46|49|51|55|58|61 49|51|55|58 49|51|55|58 32|44|48|60 51 51 56 51 51 49|55 51 51 55 51 51 48|56 51 51 56 51 51 43|58 51 51 58 51 51 44|56 51 51 43|58 51 51 41|60 56 56 53|62 56 56 51|55 58 58 55 58 58 39|55 58 58 55 58 58 37|55 58 58 55 58 58 49|55 51 51 55 51 51 48|56 51 51 56 51 51 41|51 48 48 51 48 48 34|53 49 49 53 49 49 39|55 49 49 49 49 49 32|49|55 51 51 44|49 51 51 32|48|56
1| 68|71 57 56 57 56|69|73 57 56 57 71|74
-1| 60 63 68 44|56|60 51|63 51|63 56|60 51|63 51|63 49|55|58 51|63 51|63 55|58 51|63 51|63 48|56|63 51|68 51|68 56|63 51|68 51|68 43|55|63 51|70 51|70 55|63 51|70 51|70 44|56|63 51|68 51|68 43|56|63 51|70 51|70 41|53|68 44|72 44|72 41|53|68 44|74 44|74 39|67 43|70 46|70 51|67 55|70 58|70 63|67 70 70 67 70 70 37|67 43|70 46|70 49|67 55|70 58|70 61|67 63 63 67 63 63 60|68 63 63 68 63 63 53|63 60 60 63 60 60 46|65 61 61 65 61 61 39|46|67 51|61 51|61 39|61 51|61 51|61 44|60 51 51 51 51 51 51 51 51 51 51 51 39|49|51 39|49|51 39|49|51 39|49|51 39|49|51 39|49|51 39|49|51 39|49|51 39|49|51 39|49|51 39|49|51 39|49|51 44|48|51 51 51 51 51 51 51 51 51 51|75|87 51 51
1| 77 56 57 56 66
-1| 39|49|51|77|89 39|49|51 39|49|51 39|49|51 39|49|51|75|87 39|49|51|73|85 39|49|51|72|84 39|49|51|70|82 39|49|51|68|80 39|49|51|67|79 39|49|51|73|85 39|49|51|67|79 44|48|51|68|80
1| 57 56 57 56
-1| 63|67 56|68|68 51|61|67 56|60|68 60
1| 65 57 56 57 54|66
-1| 39|49|58 57 58 61 60 58 44|48|56
1| 52 50|70|78 49 47|74 49 50|71 54 52|79 49|70 50|71|78 54|74 55|73|83 52 54|82 58 59|76 57 55|71|75 54 52|67 54 55|64|76 59 57|72 54|75 55|71|76 59|79 60|76|78 57 59|75 63 64|69|76 74 52|68|73 71 49|69 71 45|73 76 54|74 71 52|68|73 76 57|73|78 74 56|71|76 80 50|76|81 79 49|57|78 76 50|54|74 73 50|66|71 69 59|62|67 64 57|66 69 62|71 67 61|67|69 73 55|69|74 76 54|74 76 63|72|78 79 62|81 78 57|71|74 77 56|76 74 65|69|72 71 64|72 74 63|72 71 64|69 68 61|69 67 57|66 64 59|62 61 59|74 61|76 62|78 79 69 68 61|76 78 57|67 66 59|74 76 55|66 64 57|73 71 50|54|73 74 49|52|76 78 45|49|79 76 54|81 79 50|78 76 55|74 72 54|71 72 48|74|79 76 47|74 72 57|71|77 73 56|74 71 50|67|76 70 49|69 67 58|65|74 64 57|65 62 56|64 73 57|74 73 54|74 72 50|71 69 52|67 66|76 64|78 62|79 61|81 59|83 57|74 55|73 50|54|74 57 59 61 62 64 47|57 56 45|57 64 66 67 69|73 71 54|64|78 63 52|59|67 71 58|73 59|74 61|76 78 49|52|71 70 47|59|74 42 44|66 45 47|65|73 49 42|68|71 41 45|73 49|65 51|66 53|68 54|69 56|71 57|62 53|61 54|63 66 68 69 44|56|65|71 73 66|68 65 42|69 68 61|66 65 57|66 68 54|69 73 62|71 68 61|69 73 66|71|80 74 65|73 71 59|73|78 74 58|76 74 67|73|76 71 66|70 68 61|66|75 69 60|68 72 69|73 75 68|76 78 67|76 75 68|72 69 64|68|73 71 61|69 68 63|66 75 76 78 80 81 73 72 68|76 56 58 60 61 63 54 52 54 61|76 63|78 64|80 66|81 68|83 69|75 71|73 69|75 66 47|68 69 44|71 73 40|75 76 49|78 75 47|76 80 52|78 73 51|71 69 45|71|76 73 44|74 73 53|71|74 69 52|68 66 47|64|73 67 46|66 64 55|62|71 61 54|62 59 53|61 70 54|71 70 50|71 69 47|67 66 49|64
-1| 84 84 84 84 83|86 84|87
1| 50 49 50
-1| 86|89
1| 73
-1| 84|87
1| 74 50 49 50 49|76 50 49 50 78
-1| 82
1| 49 50 49 50
-1| 82 87 86 87 89 84 84 82
1| 79 49 50 49 71|73
-1| 87 89 90 89 90 90 82|89
1| 70 50 49 50 47|74
-1| 82|89 82|87 84|87 82|87 82|86 82|89
1| 49
-1| 82|91 82|91 82|86 82|87 80|87 82|87 82|86 82|87
1| 73 66|71 70 62|71 73 59|74 73 67|73|76 74 66|74|78 76 71|79 76 70|74 73 64|71 70 63|71 78 72|81 78 71|76 75 66|73 72 65|73 80 74|83 80 73|81 78 72|80 78 73|77
-1| 91 91 91 87 82 82 82 79 75 75 75 70
1| 55 58
-1| 82 82 82 82
1| 60
-1| 77|86 77|86 77|86 79|87
1| 62 64 65
-1| 86|91 86|91 86|89 84|87
1| 67
-1| 80 80 80 77
1| 64 48|65
-1| 84 84 84 84 83|86 84|87
1| 53 56
-1| 86|89
1| 67 65 64 65 67 68 67 65 63 62 63 65 62 63 65 59
-1| 84|87 81|90
1| 36 47 50 53 56 55 53 59 53 62 53 59 56 55 53 52 61 58 55 60 56 53 56 55 58 55 52 56 53 50 53 52 55 52 48 53 50 47 50 36 43 48 50 52 55 58 55 56 60 65 62 65 68 72 71 72 67 65 62 6454|57 73 59|74 73 71 74 57|73 71 69 73 56|71 69 68 71 42|54|69 68 54|66 69 57|73 56 54|81 57 56|72 54 52|80 56 54|68 52 51|78 54 52|73 51 49|76 52 54|69 68 57|66 69 50|71 49 47|74 50 52|68 66 56|64 68 49|69 47 45|73 49 50|71 49|73 47|74 50|78 49|69 47|71 45|73 49|78 47|68 45|69 44|71 47|77 45|66 44 42|69 45 50|71 73 54|74 71 47|68 45 44|71 47 52|73 74 56|76 73 49|69 47 45|73 49 50|78 52|76 54|74 57|78 49|76 50|74 52|73 57|76 47|74 49|73 50|71 56|74 45|73 71 57|69 59|68 61|69 59|71 57|73 61|76 59|68 57|69 56|71 59|76 57|66 56|68 54|69 57|75 56|64 54 52|80 56 61 76 64|73 72 57|73 56 54|81 57 63 78 66|75 73 56|72 75 64|80 73 54|81 80 63|78 81 52|80 78 61|76 80 51|78 76 60|75 78 49|76 75 61|73 76 53|80 54 56|71 53 54|69 56|68 57|66 54|69 51|78 52 54|75 51 56|72 70 49|68 76 54|69 68 48|66 75 52|68 66 49|64 73 51|66 64 44|63 72 45|73 72 42|73 78 44|76
-1| 82
1| 75 76
-1| 82 87 86 87 89 84 84 82
1| 75 76 75
-1| 82|89 82|91
1| 44 76 75
-1| 82|89 82|87 84|87 82|87 82|86 82|89
1| 73
-1| 82|91 82|91 82|86 82|87 80|87 82|87 82|86 82|87
1| 68 54|69 68 66 69 52|68 66 64 68 51|66 64 63 66 49|64 52 54 56 57|66 56|68 54|69 57|73 56|64 54|66 52|68 56|73 54|63 52|64 51|66 54|72 52|73 51 49|61 47 46|64|66|73 47 49 46 47|62|66|74 49 50 47 49|61|64|70 50 52 49 54|59|66|71 69 68 66 62|64|68 69 71 68 61|66|69 71 73 69 59|68|71 73 74 71 57|69|73 59|71 61|69 57|68 62|66 76 54|74 73 56|71 57|69 59|68 56|66 61|65 74 53|73 71 54|69 42|68 44|66 45|64 47|62 49|69 50|68 47|66 49|65 63 61 59 57 56|71 54|69 53|68 54|69 56|71 57|73 54|74 62|66|73
-1| 91 91 91 87 82 82 82 79 75 75 75 70
1| 71 73 71 73 50
-1| 82 82 82 82
1| 71 73
-1| 77|86 77|86 77|86 79|87
1| 61 62|68|71|77 61 59 62 61|69|73|78 59 57 61 59|65
-1| 81 86 86 84 82 81 82
1| 73
-1| 79 81 82 84 78 81 82 84 81 82 84 86 79 82 84 86 82 84 86 81|87
1| 80
-1| 81|87 79|88 79|88 79|88 79|88 79|88 82|86 82|86 82|86 82|86
1| 66 65 37 66 42|66 57 59 61 47|62 61 59 62 45|61 59 57 61 44|59 57 56 59 42|57 45 47 49 50|59 49|61 47|62 50|66 49|57 47|59 45|61 49|66 47|56 45|57 44|59 47|65 45|66 62 47|61 59 49|57 66 37|56 65 42|58|61|6647 49 50|71 52 54|73 56 57|69|78 59 61|68 59 58|73|76 54 59|74 57 55|71 54|69 52|67 49 50|73 52|71 54|70 42|66 44|64|71 46|73 47|66 49 50|62|71 52 54|61 56 57|66|69 54 59|67 47 49|64 45 50|66 49 47|62 45 43|71 54 52|67|76 50 49|69 57 59|66|74 54 55|64 52 57|73 45 50|66|74
-1| 74|86 74|86 74|86
1| 73 52|71 69 54|74 55 45|64 47 49|69|73 50 52|71 54 55|67|76 57 47|66 49 50|71|74 52 54|73 56 57|69|78 59 61|68 59 61|73|77 57 62|78 61 62|71|80 59 53|73 61 62|69|78 57 59|68 56 61|77 49 54|69|78 52 54|74 56 57|76 59 61|73|81 62 52|71 54 55|76|79 57 59|78 61 62|74|83 64 54|73 52 54|78|82 50 55|83 54|71 55|76 52|81
-1| 86 86 86|91 83|86 83|86 84|88 84 84 84 77
1| 79 58|78 54|74 73 59|74 52|71|79 54|71|74 52 54|70|73 42 47|71 79 45|73 78 43|74
-1| 79
1| 83
-1| 83 85 85 85 85 86 86 86 86
1| 43 45 43|82 45 43 45|83 43 45 43 45 43
-1| 86
1| 76
-1| 86 86 83|86
1| 74|83 73|76 71|74 70|73
-1| 80|92 80|92 80|92 77|89
1| 74 73
-1| 80|92 80|92 80|92 77|89 80|92 80|92 80|92 77|89 80|92 80|92 80|92 77|89 80|92 80|92 80|92 77|89 79|91 79|91 79|91 87|91
1| 47|66 49 50|71 52 54|73 56 57|69|78 59 61|68 59 58|73|76 54 59|74 57 55|71 54|69 52|67 49 50|73 52|71 54|70 42|66 44|64|71 46|73 47|66 49 50|62|71 52 54|61 56 57|66|69 54 59|67 47 49|64 45 50|66 49 47|62 45 43|71 54 52|67|76 50 49|69 57 59|66|74 54 55|64 52 57|73 45 50|66|74
-1| 89|91 89|91 89|91 86|91
1| 79 58|78 54|74 73 59|74 52|71|79 54|71|74 52 54|70|73 42 47|71 79 45|73 78 43|74
-1| 63
1| 45 43 45 43 45
-1| 78|84
1| 83
-1| 79|83
1| 76
-1| 86|89
1| 45 43 45 42 43 42|82
-1| 84|87
1| 74|83 73|76 71|74 70|73
-1| 84|90 84|90
1| 54|81 55|73 57|78 54|76 59|75 57|78 55|83 54|81 52|76|79 43 45|75|78 47 40|76|79 42|71 43|76 40|74 45|73 43|76 42|81 40|79 38|74|78 42 43|73|76 45 38|74|78 52|69 50|71 49|73 47|74 45|78 44|80 42|81 41|83 54|73 56|78|81 57|76 59|74 61|73 62|71|79 59|78 61|77 42|73 44|69|78 45|76 47|74 49|69 50|68 47|66 49|65 51|66 53|68|73 49|71 54|69 56|71 57|66|73 54|64 59|62 57 56|71 54 53|61 49 54|69 52 50|59 49 50|68 47|66 49|65 47|65|74 45|66|73 47|68|71 49|61|69 47|66 49|68 37|65 42|66 49 51|72 52 54|73|75 57 55|71|76 54|69|78 52|67|71 54|75|84 55|76|83 57|78|81 59|71|79 57|76 59|78 47|75 52|76 59 61|82 62 64|73 55 54|74|81 52|76|79 50|69|78 52|70|73 54|69|74 55|67|76 57|66|69 55|74 57|64 45|73 47|62|66 50|71 54|61 42|69 43|59|62 47|67 50|57 66 59|68 50 49|64|70 47|71 46|73 42|67 44|66 46|64 47|62 54|71 52|67|73 50|74 49|76 45|71 47|69 49|67 50|66 57|74 55|71|76 54|78 52|79 49|74 50|73 52|71 46|73 54|76 56|74|78 58|73 59|74 47|81 49|71|79 50|78 52|79 54|74 52|73|80 50|71 49|76 61|83 62|73|81 64|80 66|81 67|76 66|74|82 64|73 62|78 50|84 52|74|83 54|82 55|83 54|76 52|78 51|81 52|79 50 49|76 47 46|78 54 59|74 57 56|76 54 56|73 58 59|74 47 49|71 50|69 52|67 54 55|73 52|71 54|70 52|70|79 50|71|78 52|73|76 54|66|74 52|71 54|73 42|70 43|71 64 42 63 40|67 71 38 70 37|76 59|67 58 57|66 56|71 55|76 54 59|75 52|79 64|71 62 61|70 59|74 60|78 61 62|77 53|83 54|72|76
-1| 79 84 83 84 86 81 81 79
1| 75 55|71|76 52|79 54|74 52 54|70|73 42 47|69|75 67|76 70 66|71 67 64 61 70 63|66|71
-1| 79 84 83 84 86 81 81 79
1| 54|81 55|73 57|78 54|76 59|75 57|78 55|83 54|81 52|76|79 43 45|75|78 47 40|76|79 42|71 43|76 40|74 45|73 43|76 42|81 40|79 38|74|78 42 43|73|76 45 38|74|78 52|69 50|71 49|73 47|74 45|78 44|80 42|81 41|83 54|73 56|78|81 57|76 59|74 61|73 62|71|79 59|78 61|77 42|73 44|69|78 45|76 47|74 49|69 50|68 47|66 49|65 51|66 53|68|73 49|71 54|69 56|71 57|66|73 54|64 59|62 57 56|71 54 53|61 49 54|69 52 50|59 49 50|68 47|66 49|65 47|65|74 45|66|73 47|68|71 49|61|69 47|66 49|68 37|65 42|66 49 51|72 52 54|73|75 57 55|71|76 54|69|78 52|67|71 54|75|84 55|76|83 57|78|81 59|71|79 57|76 59|78 47|75 52|76 59 61|82 62 64|73 55 54|74|81 52|76|79 50|69|78 52|70|73 54|69|74 55|67|76 57|66|69 55|74 57|64 45|73 47|62|66 50|71 54|61 42|69 43|59|62 47|67 50|57 66 59|68 50 49|64|70 47|71 46|73 42|67 44|66 46|64 47|62 54|71 52|67|73 50|74 49|76 45|71 47|69 49|67 50|66 57|74 55|71|76 54|78 52|79 49|74 50|73 52|71 46|73 54|76 56|74|78 58|73 59|74 47|81 49|71|79 50|78 52|79 54|74 52|73|80 50|71 49|76 61|83 62|73|81 64|80 66|81 67|76 66|74|82 64|73 62|78 50|84 52|74|83 54|82 55|83 54|76 52|78 51|81 52|79 50 49|76 47 46|78 54 59|74 57 56|76 54 56|73 58 59|74 47 49|71 50|69 52|67 54 55|73 52|71 54|70 52|70|79 50|71|78 52|73|76 54|66|74 52|71 54|73 42|70 43|71 64 42 63 40|67 71 38 70 37|76 59|67 58 57|66 56|71 55|76 54 59|75 52|79 64|71 62 61|70 59|74 60|78 61 62|77 53|83 54|72|76
-1| 82 84 82 81 84 86 84 83
1| 79 67|75 77 63|79 72 65|77 75 74 67|75 74 55|72 71 56|60|72 75 55|77 79 53|65|80 72 62|71 69 55|63|71 79 57|62|77 59|79 60|63|75 62 63|72 65 67|70 63 62|72 60 58|74 57 58|67|79
-1| 89|91 88|91
1| 72|76 57 62|70|78 60|69 58|70|79 55 60|68|72 67 57|72|77 60 59|67|75 74 60|75 67 53|69 75 58|70|74 72 56|73|76 55 57|77 72 62|70 68 67|75 60 65|69|74 63|72 62|70|74 60 61|63|67
-1| 83|91 84|91 84|93 88|91 83|91
1| 68|75 60 58|67 56|65 58|67 75 59|74 65 55|60|63 72 62|62|71
-1| 90 91 90 89|91
1| 67 63 65|72 67|71 60|63|72 59|65|74 60|63|67 62 48|55|64|72 65|70 68 67|70 65|72 64 65|68 61|67|70 55|64|72 56|65 48|52|67|70 60|60|68 67 56|65|68 58|64|67 62 60|64 48|53|63|69 70
-1| 88|91 83|91 84|91 86|89 88|91 86|91 84 88 88 88 84 79 79 79 76 72 72 72 67
1| 72 49|58|61|65 48|56|63|72 55 47|56|65|74 53|55|63|72 62|71 51|55|63|72 50 48|63|67 50
-1| 88 88 88 84 79 79 79 76 72 72 72 67 74|79 74|79 74|79 76|79
1| 51 42 74 75 71 72 69 66 62 63 59 60 54 55
-1| 74|79 74|79 74|79 76|79 74|83 74|83 74|83 76|84 72|84 72|84 72|84 72|84 72|84 72|84 72|84 72|84 72|84 72|84 72|84 72|84 72|84 72|84 72|84 72|84
1| 63 67 7251 58 56 55 60 58 56 56 55 56 60 53 58 56 55 55 53 55 58 51|58 51 50 51 55 48|63 50 51 53 63 46|62 67 58 65 63 63 62 57|63 55|67 57|60 65 58
-1| 80|85 84|87 84|87 84|87 84|87 84|87
1| 57 55 57|63 58|62 46|62 60 58|62 56|65 55|58 43|58 56 55|58 53|62 51|55|63 53|56 55|58 56|60 58 60 62|70 55|65 53 55|58 58|62|68 51|63|67 56|72 55 56 60|70 53|68 68 67 62|68 55|60|72 56 58|62|65 70 63
-1| 84 84 84 87 83|89 83|89 87
1| 62 60 62|68 51|63|67 58|67 56|65 58|67 50|70 48|63 56|65 55|63 56|65 53|68 46|62|70 55|63 53 58|62 55|60|75 67 45|53|72 75 46|74 50|70|79
-1| 89 86 87 84 86 82 84 80 82 79 80 77 79 79 79 79 79 79 84 84 84 84 83|89 84|89 83|89 84|89 86|89 84|87
1| 60|69 58|67 53|60|69|75 58|62|70|74 53|74 72 58|74 57|60|65|77 55|62|67|70 50|70 69 55|70 53|56|62|74 51|58|63|67 60|65|69 61|67|70 52 53|60|65 58 60|69 63 46|58|62|70 65|74
-1| 86|91 87|91 87|92 86|92 86|92 86|91 86|91 84 86
1| 67|75 58|68|77 74 63|70 67|75 68|77 51|70|79 63|67|75 58|62|65|77 67|70|75 74 68|72 56|65|70|74 55|58|63|75 60|63 62 63 58|67 56|60 56|65 55 56 60|63 53|62 58|62 60 62 56|65 55|58 55|58 53|56 55|58 58|62 51|55|70 51 50 51|67 55 48|75 67 65 60|67 69|75 58|70|74|82 58|62|79 56|60 58|62 62|65|77|80 63|67|75|79 67|75|84 65|74 67|75 64|79|82 65|72|80 53|60|77|80 52|79 53|65|80 57|75|84 58|65|74|77 65|74|82 63|72 65|74 62|77|80 63|70|79 51|58|70|79 68|77 63|70|79 62 60|74|82 58 60|67|75 48|69|75 71|74 60|72|75 58 56|71|79 55 56|72 44|74 75 56|77 71 55|72 53|74 55|71 67 72|75 74 75 77 74 53 55|79 56 55|70 53 52|77 50 48|76
-1| 87 89 86
1| 72 68|77 67 68 70 67 46 48|72 50 48|75 46 45|70 43 41|69
-1| 77|89 79|91 80|92 77|89 81|84 83|86 84|87 79|84 81|84 83|86 84|87 82|86 80|84 79|82 77|80 75|79
1| 70 67|75 65 67 68 65 56 58|70 60 58|73 56 55|68 53 55|63|70
-1| 84|91 86|91
1| 56|68|72 50|70 52|61|67 53|60|68 65|65 67 68 51 49|63 48 46|61 61|65 60 61|70 46 48|65|68 49 51|58|67 63|67 65 67 39 41|61|70 43 44|60|63 46 48|60|68 49|58 51|60
-1| 80 79 89|92 87|91 87|91 86|91 84
1| 63|67 51|56|65|70 56|65 55|63 50|56|65 58|67 56|65 51|55|63|75 58|67 56|65 58|67 60|69|75 67 58|62|65|74 62|70|79 60|68 62|70 56|65|74|77 55|70|75 60|67|72|75 74 63|67|75 58|79 56|68|72 56|60|68|77 55|58 56|60 60|63|67|75 53|65|68|74 58|62|65|74 72 67|70|74 56|62|77 55|63|70 55|75 53 55|73 58|65|68 51|63|67 51|72 50 51|70 55|62|65 48|60|63 50|68 51|67 53|68 56|62 60 46|53|62 58 45|63|66 60 46|53|65 53 51 53|62 58 39|55|58|6348 67 60|65 67 53|68 65 60|63 65 51|67 63 60|62 63 50|65 62 59|60 62 48|63 55 53|72 55 56|65 53 51|72 53 55|63 51 50|72 51 53|62 50 48|71 50 51|60 63 48|67 72 53|62 72 50|71 69 55|62 67 53|71 74 55|63 74 51|72 71 56|63 68 55|72 75 57|65 75 53|74 72 58|65 70 57|74 77 59|67 77 55|75 74 60|75 68|72 67|70 68|72 58|74 67|70 65|68 67|70 56|72 70 68 67 65 63 62 60 58|74 67|70 65|68 67|70 56|72 65|68 63|67 65|68 55|70 68 67 65 63 61 60 58 56|72 65|68 63|67 65|68 55|70 63|67 62|65 63|67 53|68 62|65 60|63 62|65 51|68
-1| 86|91
1| 60 58|68 60 50|68 58|67 56|65 58|67 48|68 67 68
-1| 79|91 79|91 79|91 79|91 79|91 79|91 79|91 79|91 79|91 79|91 79|91 87|91
1| 56 55|68 56 46|68 74 58|77 75 74 72 50|70 68 51|67 70 48|75 67 44|65 75 46|65 74 39|75 70 51|68 70 44|72 68 51|67 68 43|70 67 51|65 67 41|68 65 50|63 65 51|67 55|63 53|62 55|63 56|60 53 51|68 53 55|58 51 50|67 51 53|56 50 48|65 50 51|55 58 55|63 67 56 65 58|63 62 60|63 67 56|72 65 58|67|70 63 46|65|68 62 58|63|67 51 46 43 39
-1| 89|91 89|91 89|91 86|91
1| 48 67 60|65 67 53|68 65 60|63 65 51|67 63 60|62 63 50|65 62 59|60 62 48|63 55 53|72 55 56|65 53 51|72 53 55|63 51 50|72 51 53|62 50 48|71 50 51|60 63 48|67 72 53|62 72 50|71 69 55|62 67 53|71 74 55|63 74 51|72 71 56|63 68 55|72 75 57|65 75 53|74 72 58|65 70 57|74 77 59|67 77 55|75 74 60|75 68|72 67|70 68|72 58|74 67|70 65|68 67|70 56|72 70 68 67 65 63 62 60 58|74 67|70 65|68 67|70 56|72 65|68 63|67 65|68 55|70 68 67 65 63 61 60 58 56|72 65|68 63|67 65|68 55|70 63|67 62|65 63|67 53|68 62|65 60|63 62|65 51|68
-1| 83|86 83|86 83|86 84|87
1| 60 58|68 60 50|68 58|67 56|65 58|67 48|68 67 68
-1| 86|91 87|91 86|91 87|91 86|91 87|91 86|91 87|91
1| 56 55|68 56 46|68 74 58|77 75 74 72 50|70 68 51|67 70 48|75 67 44|65 75 46|65 74 39|75 70 51|68 70 44|72 68 51|67 68 43|70 67 51|65 67 41|68 65 50|63 65 51|67 55|63 53|62 55|63 56|60 53 51|68 53 55|58 51 50|67 51 53|56 50 48|65 50 51|55 58 55|63 67 56 65 58|63 62 60|63 67 56|72 65 58|67|70 63 46|65|68 62 58|63|67 51 46 43 39
-1| 79|83 79|84
1| 51 70 53|69 70 55|75 70 51|69 70 50|77 70 48|69 70 50|80 70 46|69 70 51|79 55 56|75 55 44|72
-1| 74|79
1| 67 65 60|64 61|65 60 55|70 58 60|67 58 48|64 65 64 58|62 60|64 58 53|68 72 56|71 72 53|73 72 61|71 72 52|67 72 55|71 72 51|73 72 60|71 72 50|65 72 53|74 76 49|77 70 58|69 70 48|79 77 50|76 74 52|72 70 48|68 67 53|68 56|65 55|64 56|65 51|72 60|68 58|67 60|68 49|77 75 53|73 72 56|70 68 61|67 65 51|67 55|63 53|62 55|63 49|70 58|67 56|65 58|67 48|75 73 51|72 70 56|68 67 60|65 64 49|65 53 51|69 53 54|70 53 51|72 53 46|73 53 55|76 56 55|77 53 52|79 53 44|72 76 41|77 80 48|70 79 36|77 76 41|68 72 44|76 77 46|67 73 48|72 70 53|68 67 55|65 64 56|65 68 53|60 63 58|62 68 46|65 62 58 56 55 53 51|67 65 53|63 62 55|63 67 51|59 62 56|60 67 44|63 60 56 55 53 51 50|65 63 51|62 60 53|62 65 50|68 60 55|59 65 43|62 59 50|55 53|59 51|60 50|62 48|63 50 51|67 48 44|72 55|70 53|68 51|67 50|65 51|67 53|68 50|65 46|62 56|72 55|70 53|68 51|67 68 50|70 67 51|60 73 52|72 70 53|68 70 52|72 68 53|62 75 54|74 72 55|71 53|67 51|72 53|74 55|75 67 43|71|74 65 36|63|67|72 48 51 55 60
-1| 80 80 80 77
1| 51 70 53|69 70 55|75 70 51|69 70 50|77 70 48|69 70 50|80 70 46|69 70 51|79 55 56|75 55 44|72
-1| 77 77 77 75
1| 74 72 55|71 56|72 55 50|77 55 56|74 55 43|71 72 71 55|69 56|71 55 48|75 63 60|62 63 58|67 63 56|62 63 55|70 63 53|62 63 55|73 63 51|62 63 56|72 60 61|68 60 49|65
-1| 75|79
1| 50 48|69 50 51|67 41|69 65 63 65 60 57 53 69 75 58|74 70 65 51|67 63 62 53|60 70 69 62|70 58 57 58 53 50 46 58 57 58 46|62 45|60 46|62 50|65 46|48|63 46|50|65 53|68 46|56|62 46|55|63 58|67 56|65 58|67 55|70 46|53|68 46|55|70 58|75 58|62|67 58|60|69 63|72 62|70 63|72 60|75 58|74 60|75 58|84 46|53|57|75 46|53|58|74 62|70 60|69 62|70 65|74 63|72 65|74 68|77 67|75 68|74|77 58 57 58 53 50 46 63|67 62|65 63|67 58 56 58 55 51 46 65|74 67|75 68|77 46 45 46 50 48|68|77 50|68|71 53 51|65|68|72 53|62|68|71 56 55 56 59 62 47|65 63 62 48|63 67 72 60|75 74 72 58 63 72 56|65 68 72 44|75 74 72 51 67 72 53|68 71 72 54|75 74 72 55 65 71 48|72 67 63 60 51 55 58 57 55 57 75 74 75 72 69 65 60 53 58 65 63 65 70 72 73 56 53 55 73 72 73 70 67 63 58 51 56 63 61 63 68 70 72 55 51 53 62 68 72 70 68 55 61 70 52 60 67 70 68 67 53 60 68 50 58 68 51 68 67 45 72 63 46 62 60 62 50|58 48|57 50|58 53|62 56|65 46|68 50|65 48|63 50|65 53|62 51|60 53|62 50|65 46|68 72 63 53|62 43|70 61 51|60 41|68 59 50|58 39 67 65 67 55|63 53|62 55|63 58|67 61|70 51|73 55|70 53|68 55|70 58|67 56|65 58|67 55|70 51|73 77 68 58|67 48|75 66 56|65 46|73 64 55|63 44 72 70 72 60|68 58|67 60|68 72 75 79 70 48|69 62|77 68 46|67 60|75 66 45|65 46 74 72 74 62|70 60|69 62|70 74 77 80 72 50|71 63|79 70 48|69 62|77 68 47|67 48 75 74 75 63|72 62|71 63|72 75 79 84 68 67|83 68|84 63|79 60|80 67 62|78 58|79 66|84 60 57|78 63|79 58|74 55|75 62 57|73 54|74 55|82 79 74 48|75 79 84 49|82 81 79 50|78
-1| 76|79 77|80 79|82 77|80 77|80 75|79
1| 79 81 74 75 74 38|72 40|70 72 42|69 43|70 74 79 55|82 81 79 53 70 79 51|72 75 79 39|82 81 79 46 74 79 48|75 78 79 49|70 69 67 50 72 66 43|67 70 74 79 46 50 53|70
-1| 77|79
1| 68 70
-1| 75|79
1| 45 43|63 45 46|62 60 58 56 55 53 46|55 63 62 63 58 56 55 53 51 46|50 65 63 65 62 58 56 55 53 46|51 67 65 67 63 60 58 56 55 46|50|53 68 67 68 65 62 60 58 56 55|63|67|70 58 56 58 55 51 46 67 75 65|75 58 57 58|74 53 50 46 65 67 68 60 55|63 53|62 65 51|70 50|58 65 46|68 39|67 58 53|61 51|60 63 49|68 48|56 63 44|67 38|65 56 51|60 50|58 62 48|67 46|55 62 43|65 36|63 55 50|58 48|56 60 46|65 44|53 60 43|63 44|53|58|62
-1| 70|77
1| 50|70|77|80 51|70|75|79 53
-1| 84 82 81
1| 55 56 58 60 62 63 56|68|72|77 58|67|70|75
-1| 81 81 81 77|80
1| 75 74
-1| 80 75|82 75|84 75|79 74|77 77|80
1| 75 51|75 70 68 70 67 65 67 63 62 63 58 56 58 55 53 55 51 50 51
-1| 75|79 75|79 74|77 75|79 75|77 75|79 74|77 75|79
1| 39 53 65|68 60|65|68 64|67 48 67|70 53|67|70 65|68 41 72|80 46|72|80 70|79 47 68|77 48|68|77 67|76 64
-1| 79 79 79 75 82 82 82 79 75 75 75 70
1| 65|68 60|65|68 64|67 48 67|70 53|67|70 65|68 41 68|72 46|68|72 70|73 39 67|70 44|67|70 68|72 56 72|75 58|72|75 70|73 46 70|73 48|70|73 68|72 60 75|78 61|75|78 73|77 62 72|80 63|72|80 70|79 67
-1| 74|77 74|77 74|77 75|79
1| 70 63 70 68 72 63 72 65 68 63 68 67 70 63 70 70 73 63 73 68 72 63 72 65 74 63 74 67 75 63 75 48|66 68 56|72 75 49|75 72 53|68 65 46|65 67 55|70 73 48|73 70 51|67 63 44|63 65 53|68 72 46|72 68 49|65 61 43|61 63 51|67 70 44|70 67 48|63 60 51 68 54|60 68 53 68 44|61 68 42 68 51|60 68 49 68 40|58 68 39 68 47|56 68 38|58 68 46|64 68 51|63 67 39|61 67 44|61|67
-1| 77|82 77|82 77|82 75|79
1| 60|68 53 65|68 60|65|68 64|67 48 67|70 53|67|70 65|68 41 72|80 46|72|80 70|79 47 68|77 48|68|77 67|76 64
-1| 74|79 74|79 74|77 72|75
1| 65|68 60|65|68 64|67 48 67|70 53|67|70 65|68 41 68|72 46|68|72 70|73 39 67|70 44|67|70 68|72 56 72|75 58|72|75 70|73 46 70|73 48|70|73 68|72 60 75|78 61|75|78 73|77 62 72|80 63|72|80 70|79 67
-1| 80 80 80 77
1| 70 63 70 68 72 63 72 65 68 63 68 67 70 63 70 70 73 63 73 68 72 63 72 65 74 63 74 67 75 63 75 48|66 68 56|72 75 49|75 72 53|68 65 46|65 67 55|70 73 48|73 70 51|67 63 44|63 65 53|68 72 46|72 68 49|65 61 43|61 63 51|67 70 44|70 67 48|63 60 51 68 54|60 68 53 68 44|61 68 42 68 51|60 68 49 68 40|58 68 39 68 47|56 68 38|58 68 46|64 68 51|63 67 39|61 67 44|61|67
-1| 77 77 77 75
1| 60|68 56 68|72 63|68|72 67|70 51 70|73 56|70|73 68|72 57 66|75 58|66|75 65|74 50 68|77 51|68|77 67|75 78
-1| 75|79
1| 61|70 77 61 60|75
-1| 76|79 77|80 79|82 77|80 77|80 75|79
1| 77 75 61 58|73 61 56|77 61 55|70 61 53|73 61|77 51|80 55 58|79 61 75 60 58|73
-1| 77|79
1| 75 73 60 56|72 60 54|75 60 53|68 60 51|72 60|75 49|78 53 56|77 60 50|68 53 56|77 58 51|68
-1| 75|79
1| 53 65|68 58|65|68 64|67 61 64|67 68 55|64|70 73 72 56 65|72 61|70 68 58|67 65 60|68 67 48|58|65 64 49|56|64 65 67 65 61|64 65 49|70 65 48|64 65 60|68 65 58|64 65 46|73 65 44|64 48|65 53|72 55|65 57|63 65 53|69 72 46|72 69 56|65 61 55|61 63 51|67 70 44|70 67 55|63 60 53|60 61 49|65 68 43|68 65 53|61 58 52|58 60 48|64 67 41|67 64 44|60 56 48 65 51|60 65 49 67 41|58 67 39 69 48|66 69 46 70 37|65 70 36 68 48|65 68 47|50|53
-1| 70|77
1| 65|68 48 67 58|65
-1| 84 82 81
1| 67 65 64 53|58|64 56|65 56 68|72 63|68|72 67|70 51 70|73 56|70|73 68|72 57 66|75 58|66|75 65|74 50 68|77 51|68|77 67|75 78
-1| 81 81 81 77|80
1| 61|70 77 61 60|75
-1| 80 75|82 75|84 75|79 74|77 77|80
1| 77 75 61 58|73 61 56|77 61 55|70 61 53|73 61|77 51|80 55 58|79 61 75 60 58|73
-1| 75|79 75|79 74|77 75|79 75|77 75|79 74|77 75|79
1| 75 73 60 56|72 60 54|75 60 53|68 60 51|72 60|75 49|78 53 56|77 60 50|68 53 56|77 58 51|68
-1| 79 79 79 75 82 82 82 79 75 75 75 70
1| 53 65|68 58|65|68 64|67 61 64|67 68 55|64|70 73 72 56 65|72 61|70 68 58|67 65 60|68 67 48|58|65 64 49|56|64 65 67 65 61|64 65 49|70 65 48|64 65 60|68 65 58|64 65 46|73 65 44|64 48|65 53|72 55|65 57|63 65 53|69 72 46|72 69 56|65 61 55|61 63 51|67 70 44|70 67 55|63 60 53|60 61 49|65 68 43|68 65 53|61 58 52|58 60 48|64 67 41|67 64 44|60 56 48 65 51|60 65 49 67 41|58 67 39 69 48|66 69 46 70 37|65 70 36 68 48|65 68 47|50|53
-1| 74|77 74|77 74|77 75|79
1| 65|68 48 67 58|65
-1| 77|82 77|82 77|82 75|79
1| 67 65 64 53|58|64 56|65 65|81 77 76 77 72 77 76 77 65|81 77 76 77 72 77 76 77 64|79 76 74 76 72 76 74 76 64|79 76 74 76 72 76 74 76
-1| 78 78 81 79
1| 70 67 70 72 76 79 76 72 69 65 69 70 74 77 74 70 67 64 67 70 73 76 73 70
-1| 72|78 72|78 67|79 74|79
1| 49 45 49 52 55 58 55 52
-1| 79 81 82 78|81 78|81 79|82 79|82 79|82 79|82 79|82 79|82 79|82 79|82 79|82
1| 50 45 50 53 57 62 57 53 49 45 49 52 55 58 55 52 50 45 50 53 57 62 57 53 52 49 52 55 58 61 58 55 53 50 53 57 62 65 62 57 52 49 52 55 58 61 58 55 53 50 53 57 62 65 62 57 55 52 55 58 61 64 61 58
-1| 79|82 79|82 79|82
1| 67|79 69|81
-1| 78 78 78 78|81 78|81 79|83 77 77 77
1| 67|79 65|77 64|76 62|74 61|73
-1| 72|84 72|84 72|84 77
1| 62|74
-1| 79
1| 57 55 57
-1| 81
1| 61 64
-1| 81 81 81 81 81
1| 62
-1| 74|86
1| 62
-1| 72|84 69|81 80 80 80 80
1| 64 61 62 64 61 62 64 61 62
-1| 80 80 80 77
1| 64 65 67 64 65 67 64 65 67 64 65
-1| 80 80 80 77 80 80 80 77 80 80 80 77 80 80 80 65|77 67|79 67|79 67|79 75|79
1| 73
-1| 72
1| 74 76 73 74 76 73 74 76 73 74
-1| 74 75
1| 76 77 79 76 77 79 76 77 79 76 77
-1| 74 72 71
1| 81
-1| 77 75 74 75
1| 79 82 76 79 82 76 77 81 74 77 81 74 76 79 72 76 79 72 74 77 70 74 77 70 72 76 69 72 76 69 70 74 67 70 74 67 69 72 65 69 72 65 67 70 64 67 70 64 65 69 62 65 69 62 64 67 61 64 67 61
-1| 74 72 74 77 75 74
1| 61
-1| 74|77
1| 69 67 65 64 62 61 59 61
-1| 83 84 77|80
1| 57 61 64 67 67
-1| 75|79
1| 65 67 65 67 65 67 65 67 65 67 65 67
-1| 75|79 75|79 75|79
1| 62|65
-1| 77|79
1| 69 74 76 77 74 76 77 79 76 77 79 81 77 79 81 82 79 81 77 79 76 77 74 76 73 74 69 70 67 69 65 67 64 65 62 64 61 65 62 64 61 62 57 58 55 57 53 55 52 53 50 55 52 53 50 52 49 50
-1| 75|79
1| 62
-1| 78|81 78|81
1| 65|70
-1| 72|76 74|77 71|77 72|76
1| 64|69 62|67 61|64|69 62 65 70 65 60 64 69 64 58 62 67 62 57 61 64 69 62
-1| 72|76 74|77 71|77 72|76
1| 65|70
-1| 79|83
1| 67 65 64 62 61 59 61
-1| 79|84 77|79 72|79 74|84 76|84 74|83 77|86
1| 64 65 67 69 67 65 64 65 62 65 69 73 74
-1| 76|84 76|84 74|83 76|84 74|84 76|84 74|83 76|84
1| 69 71 73 74 76 77 79 81 82 74 77|82 69 76|81 70 74|79 64|73|76|81
-1| 76 76 76 72 79 79 79 76 72 72 72 67
1| 77|82 69 76|81 70 74|79 64|73|76|81
-1| 71|74 71|74 71|74 72|76 74|79 74|79 74|79 76|79 72|84 72|84 72|84 72|84 72|84 72|84 72|84 72|84 72|84 72|84 72|84 72|84 72|84 72|84 72|84 72|84
1| 59|62|65|71|74 64|69|73
-1| 73|85
1| 71 69 73 76
-1| 80
1| 81 79 77 76 77 76 74 73 74 72 70 69 67 65 64 62 70|73|76
-1| 75|81 75|81 75|81 75|81 75|81
1| 76
-1| 72 72 72 75
1| 73 70 73 70 73 76 73 70 73 70 73 76 73 70 73 70 73 76 73 70 73 70 67 70 67 64 67 64 67 70 67 64 67 64 67 70 67 64 67 64 67 70 67 64 67 64 61 64 61 58 61 58 61 64 61 58 61 58 61 64 61 58 61 58 61 64 61 58 61 58 61 64 61 64 67 64 61 64 61 64 67 64 61 64 61 64 67 64 61 64 61 64 67 64 67 70 67 70 67 70 67 70 67 70 67 70 73 70 73 76 73 76 73 76 73 76 73 76 61|64|69|73|76|81
-1| 77|83 77|83 72|84
1| 61|64|69|73|76|79
-1| 72|77 72|79 72|80
1| 64|69|73
-1| 77 71|77 74|79 75|79 75|84 80|84 80|84 79|84 79|83 72|84 72|84
1| 62|65|69|74
-1| 72|84 72|84
1| 74 72 74 70 74 69 74 67 74 66 74 67 74 69 74 70 74 62 74 64 74 66 74 67 74 66 74 67 74 69 74 70
-1| 80|84 79|82 77|80 75|79
1| 74 70 74 75 67 75 67 72 69 72 69 74 65 74 65 70 67 70 67 73 64 73 64 69 65 69 65 67 61 67 61 65 62 65 62 64 58 64 58
-1| 77|80 75|79 77|84 75|84 75|84 74|83
1| 81
-1| 77|80 75|79 77|84 75|84 75|84 74|83 75|84
1| 74 64 73 62|72 69 70 67 69
-1| 74|83 74|83 74|83 75|84 77|86 74|83 75|84 77|86 75|84
1| 66|69 65|67 63|67 66 62|69 66 72|75 74 70
-1| 79 79 79 79 79 79 79 79 79 79 79 75|79
1| 69 70 70|79 69 78 74|79 72 70 69|74 70|74 66|74 67|74 66|74 67|74 69|74 70|74 69|74 70|74 66|74 67|74
-1| 77|79 77|79 77|79 74|79
1| 72
-1| 79
1| 70 69 67 69 70 72 64 65 67 69 67 69 70 72
-1| 80 79 74|79 74|79 74|79 75|79
1| 70 69 67 65 63 62 60 58|74 72 70 69 67 65 64 62 60|76 74 72 70 69 67 65 64 62|77 76 74 72 70 69 67 65 64|79 77 76 74 72 70 69 67 65|81 77 76 77 72 77 76 77 65|81 77 76 77 72 77 76 77 64|79 76 74 76 72 76 74 76 64|79 76 74 76 72 76 74 76
-1| 74|83 74|83 74|83 75|84 74|83 74|83 74|83 75|84
1| 70 67 70 72 76 79 76 72 69 65 69 72 74 77 74 70 67 64 67 70 73 76 73 70 69 81 73|79 81 74|77 81 67|76 81 65|74 81 69|73 81 71|74 81 73|76 81 74|77 81 69|73 81 71|74 81 73|76 81 74|77 81 73|76 81 74|77 69 67|73|76 69 74 66 64|69|72 66 67|70
-1| 74|83 75|84
1| 66|69 67|70 69 67 65 64 62 61 59
-1| 67
1| 62 65 62 57
-1| 67 67 63
1| 61 64 61 58 62 65 62
-1| 55|59 59|62 62|67 63|67
1| 62 58
-1| 60|66 59|62
1| 65 64 62 69
-1| 68 68 68 65
1| 74 72 70 69 67 66
-1| 65|68
1| 69
-1| 64|67 65|68 67|70 65|68 62|65 63|67
1| 67 72 71 75 74 75 71 72 71 72 74 75 74 75 77 81
-1| 62|65
1| 77 79 75 77 74 75 72 77 75 77 74 75 72 74 70 75 74 75 72 74 70 72 69 74 72 74 70 72 69 70 67 70 69 70 72 70 69 67 66
-1| 66|75 66|75
1| 69 74 67 72 66 70 67 74 69 70 67 69 66 67 74 66 74 67 74 69 74 70 67 74 69 70 67 72 69 74 72 70 69 70 69 70 67 69 70 72 74 75 74 72 74 70 72 69 70 67
-1| 70
1| 71 72 75 77 79 80 79 77 79 75 77 74 75 72
-1| 70 75 74 75 77 72 72 70
1| 69 67 66 65 63 62
-1| 70|75
1| 70 69 70 69 67 66 75 74 72 70 81 79 78 79
-1| 69|75
1| 77 75 77 74 75 73 70 69 67 69|74
-1| 69|75 69|75 69|75 68|70
1| 64|73 65|74 67|76 69|77 67 69|74 65 67|76 69 67 69 70|73 69 67 69 65|69|74 67|70 64|67 65|69 62|65
-1| 68|70 67|70 65|72 67|70 65|70
1| 69|77 67|79 69|74 67|73 65|74 67|76 65|74 64|73 69|74 70|76 69|74 67|73 65|74 67|76 76|79 74|77 69|74 67|70 67|76 69|74 65|74 64|73
-1| 69|81 70|82 69|81 70|82 69|81 70|82 69|81 70|82 72|84 70|82 68|80 67|79
1| 69 67 69 65|74 69 64|76 69 62|77 69 61|76 69 62|77 69 64|73 69 65|74 69 57|73 69 59|74 69 61|76 69 62|77 69 61|76 69 62|77 69 64|79 69 65|81 82 64|79 81 62|77 79 67|76 77 65|74 69 64|73 69 65|74 69 61|76 69 62|77 69 61|76 69 62|77 69 59|79 69 61|81 69 67|76 69 65|77 69 62|79 69 61|81
-1| 67|79
1| 77 76 77 79 81 82 81 79 81 77
-1| 79 79 79 75 70|82 70|82 70|82 67|79 63|75 63|75 63|75 58|70
1| 76 74 76 77 75 74 72 70 69 67 69 70 72 69
-1| 65|74 65|74 65|74 67|75
1| 72
-1| 74|77 74|77 74|77 67|75
1| 75 77 74 75 72 70 69 67 69
-1| 65 65 65 62
1| 60 63 60 58
-1| 55|59 59|62 62|67 63|67
1| 60 63 60 58 67 70 67 62 67 70 67 62 66 69 66 63 66 69 66 63 62
-1| 60|66 59|62
1| 66|72 67|70 67|72 71|74 72|75 72|77 76|79 77|81 70|77 69|75 70|74
-1| 74 74 74 72
1| 75 74 72 70 72 70 69 67 72 70 69 67 69 67 66 67 65 64 62 61
-1| 65|68
1| 64 65 67 69 71 73 74 76 77 79 77 76 74 73 74 76 77 79 81 73 74 76 77 76 77 74 76 69|74 70|74 69|73 69|74 74|77 74|76 72 65|70|74
-1| 64|67 65|68 67|70 65|68 62|65 63|67
1| 79 81 82 69 70 72 74 72 74 75 77 65 67 69 70 69 70 72 74 69 67 65 63 67 69 70 72 67 65 63 62 65 67 69 70
-1| 60|63
1| 60 62 63 65
-1| 66|75 66|75
1| 58 60 62 63 60 62 64 66 63 62 60 58 66 67 69 70 72 74 67 64|67|70|76
-1| 70
1| 62|65|71
-1| 72|75
1| 64|68|71|74
-1| 70|75
1| 64|69|72
-1| 69|75
1| 65 64 67 65 67 64 64 62 64 60 69 67 69 65 65 64 65 62 71 69 71 67 67 65 67 64 72 71 72 69 74 72 74 71 76 74 76 72 77 76 77 74 79 77 79 76 72 71 72 69 74 72 74 71 68 66 68 64 72 71 72 69 65 64 65 62 71 69 71 60 69 67 69 59 68 66 68 64
-1| 65|70 67|70
1| 62 60 59
-1| 68|70 67|70 65|72 67|70 65|70
1| 64 62 60 65 64 62 67 65 64 62 69 67 65 64 67 69 71 72
-1| 69|81 70|82 69|81 70|82 69|81 70|82 69|81 70|82 72|84 70|82 68|80 67|79
1| 67 71 62|67|71 64|67|72 55 60 64 67 72 64|67|72 60|65|69
-1| 65|74 67|75 65|68 63|67 65|74 67|75 79 79 79 75 70|82 70|82 70|82 67|79 63|75 63|75 63|75 58|70
1| 65 69 60|65|69 62|65|70 65 70 62|65|70 67|70 61 70 61|64|67|70 62|66|69 66 69 62|66|69 58|62
-1| 79 79 79 75 70|82 70|82 70|82 67|79 63|75 63|75 63|75 58|70
