0.199502
-0.747079
1
-0.775772
1
-0.253491
0.469002
1
-0.110485
-0.026045
-0.082735
-0.965590
1
0.136754
0.975916
0.388746
0.899490
-0.012966
0.213878
0.035182
0.274288
0.121156
0.136754
1
1
-0.193009
1
0.787385
0.222971
1
0.556591
-0.269532
0.004634
-0.141562
0.878254
0.157010
1
0.226054
1
0.035182
1
0.035182
0.904534
-0.135323
1
-0.064772
0.850950
-0.074042
1
-0.074042
0.087054
-1
0.925684
-0.776460
1
-0.623759
1
-1
0.343768
-0.674690
-0.093081
-0.594812
0.124456
-1
-0.074042
-1
0.136754
-1
1
-0.839561
1
-0.001661
1
-1
1
-0.082735
1
-1
0.197830
-0.389170
1
-1
1
-0.347189
-0.074042
-0.074042
1
-0.590897
-0.166037
-1
0.200086
-1
0.200086
-1
1
-0.774983
1
-0.217693
1
-0.074042
-0.074042
-0.872609
1
-0.362282
1
-0.238376
1
-0.217693
1
-0.074042
1
-0.872609
1
-0.362282
1
0.140507
-0.064740
-0.074042
1
0.069916
0.075904
-0.639614
1
-1
-0.543789
-0.331309
0.166055
0.103635
-0.084388
-1
1
-0.282321
-0.177926
-0.074042
1
1
-0.346053
-0.074042
-0.074042
-1
0.689395
-1
1
-0.141028
-0.225232
-0.334399
1
-1
1
0.578563
0.622656
-0.122551
1
-0.337006
0.245186
0.103635
0.760067
-0.125504
0.513432
-1
0.016855
0.486216
-0.022063
0.153293
0.051213
-0.128889
0.004430
-0.022751
0.121409
-1
1
-0.031874
